7073
13526.05
1000
107051.08
1000
950
5818.53
78.32
690
5000
240
5000
3890
1750.57
2700
300
3000
216.14
12777.8
2400
195.9
250
1000
650
250
4314.01
2000
2055
2847.22
6007.9
5000
600
300
5000
1918
2000
23.6
23.6
23.6
23.6
23.6
23.6
23.6
23.6
23.6
23.6
23.6
23.6
23.6
23.6
23.6
23.6
23.6
23.6
23.6
23.6
23.6
250
2000
1000
46.51
2500
98.5
4000
11211.25
50000
1000
2728.89
300
750
1177.5
3000
665.84
3849.6
6000
400
20000
2947.2
1000
10000
10000
6000
466.65
5000
2400
20000
58035.89
10000
5000
250
2070
300
10000
7000
6000
572.64
9000
311.55
453.2
9186.1
381.49
1143.41
8790
290.9
2000
80
4000
3000
3000
4300
176.31
750
5033.67
49.98
500
3550.62
162
1000
306.39
2000
10000
356
7000
2091.54
25000
5000
1000
50000
500
3486
500
53.92
500
5000
2300
3000
5000
1500
32000
2000
106113.79
1000
1700
3000
8000
600
7000
3500
1500
4000
1072
1000
163.2
250
200
8000
382.9
500
49.42
550
3000
15000
8000
2700
900
10000
6869.18
14708
450
3000
30000
2653.61
4000
4300
5000
3
212777.92
1
1500
10000
273.07
11587.65
190
3407.41
3100
10052.43
10000
1400
200
10000
16500
8168.6
2590
5000
23.6
23.6
23.6
23.6
23.6
23.6
23.6
23.6
23.6
23.6
23.6
23.6
23.6
23.6
23.6
23.6
5000
200
6000
1071.98
15000
800
240
8000
1000
3000
2908.1
10385
15000
2000
3183.35
51.82
1663
1000
10000
7686.1
31247.49
2000
3000
87048.9
300
654
157607.42
1100
30000
350
900
10000
2000
10000
498.25
20000
6063.73
3935.77
800
1000
5000
50000
2000
13138.74
5000
500
3035.99
500
2000
2000
245.99
3000
13806.45
589.5
6000
5000
1000
1450
300
133068.34
300
500
2450
1500
3000
3000
40218.06
4000
3000
35000
4632.8
4000
300
5000
7000
6360
20000
3750
454
3441.29
26775.75
5500
2500
60.94
500
5602.66
5868.46
20000
5000
500
1000
133.09
1899
7670.52
5000
6400
3000
100000
365.49
6658.46
10000
500
123.52
1500
49.58
650
3000
1000
5000
1218.53
300
975.35
2500
7640.47
5000
200
420
23.6
23.6
23.6
23.6
23.6
23.6
23.6
23.6
23.6
23.6
23.6
23.6
23.6
24
24
23.6
23.6
23.6
23.6
1200
1500
157.2
43236.33
8000
491.25
15000
5765.42
3000
2000
600
1000
57.37
5000
10000
1000
5000
2000
5000
10000
2000
494
500
234.54
2300
420
10000
12569.41
40000
57.79
836.41
20000
650
3000
172.66
5000
70000
5543.99
182.91
2000
5000
3000
4000
3000
2558.73
468.88
10752
1000
15000
10000
1500
1000
1000
300
1329.85
2500
5000
2010.04
150
1000
10000
2000
1073.93
6000
700
1298.77
15000
1670
18754.95
684
3000
2000
6000
700
1500
2000
2400
20000
6716.79
300
480
16625.4
1500
2000
7000
1000.6
4000
6374.83
1390
9680.11
2000
100.36
150
1000
136.97
5100
2000
350
12348.6
5000
2805
193.52
1000
7000
2267.2
1000
3409.13
3
4012.58
500
10000
43812.44
3000
140
5000
1100
7000
500
453.7
4987.48
600
6000
5421.59
5000
3570
1270
2000
5931.3
1000
5000
15000
17248.44
23.6
23.6
23.6
23.6
23.6
23.6
23.6
23.6
23.6
23.6
23.6
23.6
23.6
23.6
23.6
23.6
23.6
23.6
24
23.6
268.46
3000
600
733.2
1000
5000
6047.7
1500
1500
2000
515.62
2427
34600
10000
30000
15000
6000
115.51
197.68
5000
240
1000
10000
500
800
10000
1000
1130.5
17000
300
7000
500
6000
15000
263
10000
3100
117.09
300
1400
960
5000
8790
800
1390
2000
5000
10000
5000
3000
200
3699.02
1000
1000
1990
2000
239.72
6823.07
500
5000
1500
700
8000
3188.8
5000
3540
3000
1000
1000
162
21816.75
4674.74
2130
5000
2180.42
500
143.98
688.92
56.8
185.22
5000
2000
7000
1000
10000
2000
181.64
422.93
800
1200
5886.36
1400
500
110.95
2000
300
5000
62.64
2006.9
15000
800
869.33
66.65
248.65
931899.4
90
5000
10000
100
5260.93
500
9000
6665.3
2500
250
10000
10000
10000
1000
10000
6028.6
800
607.6
1100
5970
23.6
23.6
23.6
23.6
23.6
23.6
23.6
101
23.6
23.6
23.6
23.6
23.6
23.6
23.6
23.6
23.6
24
3000
2000
2000
3500
6898.5
12000
68
2500
3800
164
3000
51.61
2584
819.98
1000
8300
25000
2000
50000
400
50.15
800
15000
7000
978.6
6014.8
7469.39
1000
425
486.8
12435
709.2
323.63
2751.47
10000
2333.6
2000
50
3500
6805.51
5000
440.77
980.16
50
43155.86
250
3000
1500
12000
2000
2110
13965.41
1500
1100
10000
6172.99
2170.5
886
2000
583
5000
3000
4200
8357
1500
10000
13000
10000
5000
25000
9700
5394
49.37
15000
20000
10000
650
3000
3797
3000
18200
3500
4000
5000
1000
223.32
3000
18500
2900
1295.65
2000
5750
10000
1400
300
560.5
300
92.06
67.86
2200
10000
600
383.16
2000
4800
2515
2000
10000
700
550
3241.28
1000
250
5000
23.6
23.6
23.6
23.6
23.6
23.6
23.6
23.6
23.6
23.6
24
23.6
23.6
23.6
23.6
23.6
23.6
23.6
23.6
23.6
23.6
23.6
5000
1000
500
436.28
20000
3397.99
3000
1000
3559.3
6846
36000
19901.48
5000
4650
5000
10000
5000
1500
2000
8276.64
6718
300
2000
2500
3812.65
6032.61
63412.35
1500
1500
3000
3500
229.84
112.03
400
49.5
3722
4371
267862.85
123.69
850
4000
550
1000
171.95
7980.35
2000
5000
3000
49
3000
5000
2500
300
20000
10713.2
1540
1000
647.74
316.39
26695.34
20000
500
7000
7000
42784.91
5000
10972.55
6206.98
34578.66
7000
7000
5312.12
110.8
1000
5140.46
1000
63.84
292
600
7000
12000
7628.9
525
2733.5
7000
583.33
2000
1000
2490
700
359.94
4131.32
15000
10000
271.15
4000
184.94
5000
1200.28
4000
15650.65
6543.86
500
1000
1500
490
1121.17
400
4500
6000
790
20000
4500
88417.09
5000
5960.41
1500
1024.98
10000
335.7
645.68
600
1000
2202.05
5000
1048.2
4000
950
1120
300
500
23.6
23.6
23.6
23.6
23.6
23.6
23.6
23.6
23.6
23.6
23.6
23.6
23.6
23.6
23.6
1000
5000
5000
5000
3000
7317.55
500
10000
500
8000
5000
5219.82
15000
5000
8000
22546.29
400
10000
10000
7000
5000
700
2048.77
4500
5000
1000
718.31
65802.96
1950
4000
2731.21
3000
10000
900
30000
2000
8000
3910.67
490
3500
5000
1000
279.92
11883.9
5000
426.82
47.34
300
500
1000
80.4
210000
900
649
14992.32
605.36
241.5
1000
1000
1000
25544
185.25
700
3000
5000
10000
200
1000
2500
4243.45
1490
500
19000
500
64.16
4500
1000
1300
3200
20000
25000
67280.9
1861.77
6000
59.02
300
20456.3
3752.22
130000
11045.02
168
800
2678.93
700
917.2
27.69
5000
5000
8000
1000
2000
2500
2000
49.35
350
1000
2000
305.78
1000
6292.1
100
1000
179.8
1500
1300
10000
1500
40000
5000
404.3
4248
1100
1000
494.42
1800
6530
500
300
5000
2124
3290.52
6000
1500
4000
1000
200
10000
33.65
6000
1108486
591.2
350
2000
10000
167293.77
1500
300
23.6
23.6
23.6
23.6
23.6
23.6
23.6
23.6
23.6
23.6
23.6
23.6
23.6
23.6
23.6
30
23.6
23.6
287.8
8000
1500
1000
1500
2000
10000
1350
2000
30000
500
240
8300
1500
500
10000
30000
4000
1500
13424.93
3000
5000
100
100
3000
10000
6000
3000
1600
5384.29
3000
20000
3800
169
216795.89
5848.42
3000
277.19
3153
1368
2000
1000
5000
1000
700
5000
2800
143.03
5000
5000
4000
525
10000
10000
5000
7000
8373.83
11000
500
2945
10000
3000
50
1100
6100
15000
29312.1
52639.43
31152
2000
12206.99
111.33
1000
1571.95
650
5000
1500
500
16879.21
10000
5000
400
5524.4
10010.33
104.92
152.02
1715
4213.6
500
268
40000
1180
590.01
1157.94
500
203.34
1000
27948.5
10000
375.96
1000
4200
60000
159.79
29087.02
23.6
23.6
23.6
23.6
23.6
23.6
23.6
24
23.6
23.6
23.6
23.6
23.6
23.6
23.6
23.6
24508.69
6000
1502.36
6000
5000
12909.74
1600
5452.2
1500
82840.73
5000
4000
1300
290.4
20000
3000
112.25
4000
249.42
3000
4038.25
3400
1000
995.84
1100
10000
9750
7892.93
17000
1000
249.11
5000
1380
22357.47
15000
20000
500
2000
5000
6000
200
690
214.24
20000
634.47
1500
5500
3000
48.95
4130
5000
356
505.45
192
15000
850
1000
1000
10000
500
4753.14
1000
1170.01
200
9000
200000
28778.87
2885
2500
247.78
30000
1000
5207.72
75000
1000
8000
3000
3000
400
10000
3339.93
880.3
121.36
3000
4800
28274.61
10000
2000
4000
500
25000
1600
10000
58.05
1273.58
1500
56.7
1390
600
1700
15000
12000
15000
500
4800
5000
2600
2144.3
55.93
10000
117.64
1685.57
6000
1500
26998.04
20000
1000
2500
3000
9178.14
2000
390
59.56
250
7000
4440
3000
11327.65
10000
3000
3000
3000
3348.65
5000
500
200
3000
2000
930
300
108.84
50
23.6
23.6
23.6
23.6
23.6
23.6
23.6
23.6
23.6
23.6
24
23.6
23.6
23.6
23.6
24
23.6
23.6
23.6
5000
450
6000
1500
4500
500
2000
15000
2000
1000
6274.62
3600
15000
2300
180
250
1986.3
5100
900
12025.6
500
3500
5000
243
5000
3215.55
2000
5000
1989.43
2048.8
3956.75
353.99
25000
47477.4
23860
150.67
49.91
3000
8182.36
10000
120.29
199.57
1500
54.92
10000
20000
1000
2000
590
200
10000
250
2000
1500
20000
134
70060.73
500
19000
1500
1500
500
83.77
6183.24
250
500
500
1000
1500
1000
1000
10000
1200
45.71
650
3365.35
450
5000
10000
590
150
12924.56
5000
1600
2620
5000
800
358.26
500
10000
3000
3000
6500
1675
2000
10000
1000
2000
2750
3000
19776.73
2000
15000
4383.06
3000
5000
5000
507.24
3000
6000
457.7
5000
200
15000
5000
1500
700
8999.48
5775.45
1300
5000
771.1
4000
109.81
900
25076.13
275.27
23.6
23.6
23.6
23.6
23.6
23.6
23.6
23.6
23.6
23.6
23.6
23.6
23.6
23.6
23.6
23.6
23.6
23.6
23.6
23.6
5000
6120
821.24
1500
5000
5000
3000
15000
50000
5000
2000
114.66
1500
150
347.4
116.89
2987.5
5000
400
9000
20000
600
3695.94
1706.3
3000
1007
227.61
31405.35
271.63
3000
5000
1000
159
5
1500
5000
2541.2
905
500
700
1000
120000
3000
10000
10000
1500
96071
165
5000
2000
7000
335.78
68
89.6
6500
1000
11982.3
480
13000
900
4500
287109
4550
46.97
2688.07
25000
700
1180
1109.99
1000
3597.73
300
328684.41
7522.76
1000
2500
3000
10000
3000
2500
119
2500
2000
100
680
1500
438.05
500
2200
850
14934.79
1455.19
149.64
500
15000
23.6
23.6
23.6
23.6
23.6
23.6
23.6
23.6
23.6
23.6
23.6
23.6
23.6
23.6
23.6
23.6
23.6
23.6
23.6
23.6
25
23.6
23.6
23.6
23.6
23.6
23.6
23.6
23.6
2000
5000
5000
18853.99
1000
205283
5000
350
4700
2520
38843.86
700
5000
309882.8
5000
3540
33651.57
94897.2
10937.36
7725.53
2000
770874
10000
240
2000
400
74.59
3000
20000
250
1000
115
5000
1118.7
650
107895.03
4000
8100
600
3000
5000
490
15025.82
264.2
10000
699.2
500
3000
23254.59
1000
4976.68
200
9000
250
14891.22
10000
380.86
500
1000
5000
31860.49
1614.26
1400
2000
11000
50
5000
20000
650
350
1500
300
2200
1255.35
9
7208.22
10000
145
400
1000
2500
62.47
10000
1651.55
1912.2
500
46.4
1000
4500
447.5
18053.37
272
83.99
500
10000
2662.8
393.25
163
6438.05
850
97542.4
2000
1287
649.17
4000
240
21719.64
1000
449.46
15000
690
400
1000
16051.05
300
3000
15000
5000
1016.42
12000
36303.75
4172.29
1611.16
12661.74
4440.99
300
65
7000
354.45
211.25
500
6300
500
2900
10000
2000
2000
1560.19
200
14767.2
23.6
100
23.6
23.6
23.6
23.6
23.6
23.6
23.6
24
23.6
23.6
23.6
23
23.6
23.6
24
23.6
23.6
3000
5000
938.95
6805.3
1000
132.76
815.9
250
1000
20000
2000
10000
6546.82
7000
400
2158.29
10000
17949.29
3500
94.36
1000
350
2000
1000
125226.75
45.46
180.64
1185.48
5000
25000
3000
2197.5
960
20000
2768.9
3000
1000
2000
23200
1000
9240.14
200
13666.89
2628.73
308796
2185.98
20826.65
50
1000
5000
846.14
10252
1500
300
24134.41
212.6
2000
2418.18
4500
1000
10000
921
8000
730
1200
6000
7000
660
50
2000
500
10000
8973.99
1000
10897.84
1000
5000
5670
7000
1050
240
105.96
1500
359
10000
5000
5000
76.41
16810
5000
1000
2000
47
12000
1000
1410
5250.25
9006
2840
3000
3000
350
7000
64
1500
2500
6000
1404
450
1000
11709.67
8858.59
101497.51
677
2062.6
2834.49
5000
310.5
4000
590.95
174.99
5609.99
1200
5558.8
1000
2000
500
400
5372.8
3900
150
150
23.6
23.6
23.6
23.6
23.6
23.6
23.6
23.6
24
23.6
23.6
23.6
23.6
23.6
23.6
23.6
23.6
23.6
2500
480
5000
17700
1128
326.4
5000
30000
19251.57
4000
2697.99
13443.04
115
1000
1500
2000
500
1000
80000
10000
3000
20000
3000
3125.16
4497.22
10000
168406.43
1000
480
260.01
76.4
400
499.5
4070.89
850
449
2000
1000
51.67
74394.17
2153.99
5000
300
3000
24000
1000
1000
63.46
3000
1700
1000
302.5
4000
1200
91.09
1086.59
175.19
282.12
1200
1315.73
202
1735.96
603.23
23.6
23.6
23.6
23.6
850
940
4000
99190.51
300
25598.5
10000
10000
272
1000
4550
33761.84
500
12600
1000
50000
700
1000
3000
800
10144.22
4255.51
179.1
15000
193.79
1607
5000
1000
2000
1750
23.6
23.6
23.6
23.6
6000.01
645.3
2472.4
3000
400
5000
63735.59
21628.42
1500
2000
10000
100
644.5
30
10663.79
2000
500
1325
11644.73
500
8960
1500
6991.99
2250.18
1500
84.42
15000
690
3000
158618
490
10352.11
400
2000
4000
3500
3200
1610.7
5000
500
5142.51
5478.4
3000
640
34.72
23.06
23.6
23.6
23.6
23.6
23.6
23.6
23.6
23.6
23.6
23.6
23.6
23.6
23.6
23.6
23.6
2600
27000
6000
1000
6000
400
3294.65
5000
107.94
100
5000
5050
700
377
35000
1160
3000
600
5000
3730
4055
1000
3450
526.54
44552
8232.63
5000
3000
7521.1
355.25
10000
1980.84
2224.98
150000
5000
2157.94
3528.05
5000
1000
26050
500
13161.27
3000
10000
29044.02
3245
60.2
18000
1000
7277.35
200
1014.95
2000
800
500
2198.25
650
2000
4120.4
10000
5000
346.18
1028.2
4000
690
2760
5000
1684.3
700
3577.6
2000
1564.2
12500
500
3000
1500
5000
550
2590
1000
10000
10000
3945.49
1000
5000
500
241.94
3000
480
6983
1300
102.03
450
1100
1390
48.39
1000
500
6233
10000
14445.95
800
260.1
800
1000
1800
3980
300
2000
150
90.56
20000
140
12455
4500
200
3000
6530
10000
171.34
624.2
6517.05
5000
5000
203.2
1000
197441.83
1100
240
830
3799.11
2000
450
2350
170.32
200
3000
4000
500
17585.78
4000
240
2250
1000
10064.32
1000
1000
608
300
500
2500
5000
7314.2
260
10000
1517.6
92.21
2796.5
8255
2000
5000
7000
500
2000
15000
23.6
23.6
23.6
23.6
24
23.6
24
23.6
23.6
23.6
23.6
23.6
23.6
23.6
23.6
23.6
23.6
23.6
23.6
23.6
23.6
23.6
2350
2000
500
113.05
2400
5000
5000
1000
1350
800
3908.08
5000
5809.69
5000
1950
138.5
500
1000
4000
4000
28833.58
3000
5000
1500
16000
3534.98
2856.84
370
7000
3000
956
5000
1440
10000
501
20115.99
5000
6000
2950
20000
2000
1200
500
13550
1000
3000
4000
4300
2000
2000
4000
3000
1300
5000
1418.91
480
705.3
700
3500
20000
1250
100
5000
50000
2000
2000
11770.78
5000
10000
800
2500
3700
2600
2545.3
5000
800
5000
100
34225.86
25000
1130
191.77
349.26
30000
790
5000
10000
203114
293.64
8000
5000
1000
500
750
12239.87
60
150
171.63
4000
2000
2200
5262.69
3000
1000
3000
20000
49
5000
300
500
457.12
186.4
550
3000
1500
700
300
300
2480
10000
1000
1980
5000
15000
4700
25000
59.92
3952.82
25000
4200
23.6
23.6
23.6
23.6
23.6
23.6
23.6
23.6
23.6
23.6
23.6
23.6
23.6
23.6
23.6
23.6
23.6
23.6
23.6
23.6
8397.13
1000
550
300
448.67
1400
2000
3800
1000
23803.26
15000
750
3000
129500.37
25000
8000
2758.35
1400
10595.99
66.7
20000
14015.21
15000
2000
173.22
2000
5000
5000
5550
1000
3000
5000
1500
116.7
50
1000
10000
720
525.54
2000
5000
2000
5000
1000
1000
2827.88
500
3000
1500
50000
106.97
1500
151.03
6000
8549.43
1507.68
6690
1500
346.22
15000
3500
3240
1250
800
1800
2000
500
5000
150567.25
4500
3000
2805.43
2000
48.4
20000
1248.39
70000
500
3500
350
100
2400
30000
1000
3000
56.28
3200
1500
5924.93
769.42
2000
5404.69
23.6
23.6
23.6
23.6
23.6
23.6
23.6
23.6
23.6
23.6
23.6
23.6
23.6
23.6
23.6
23.6
23.6
23.6
23.6
23.6
23.6
23.6
23.6
23.6
23.6
23.6
23.6
23.6
23.6
1000
800
1500
500
30000
80000
3000
6532.34
14580
40000
1000
200
22061.27
27720.4
10000
611.3
700
5000
10000
358.63
3000
690
2000
3000
3047.38
2296.09
15000
19500
421.64
30000
1000
10871.42
350
15336.71
1950
20000
4000
5000
2022.25
3000
200
4000
900
5000
51.09
7000
650
721.5
3000
450
15000
19755.18
23.6
56635.66
432.4
10000
3175.68
400
900
10000
1400
20000
2413.92
10435.05
5000
25000
9673.91
356
5000
500
1870
205663.17
10000
3864
240
4365.71
1000
400
5283.4
1180
146
13730.76
2000
500
123.4
2000
8268.36
6000
5000
10000
30000
10422.58
7221.39
9775.8
3000
3000
6123.23
27360.84
6482.68
200
3000
2885.25
10000
5000
15000
3170
6000
200
2000
1000
306
4000
1000
200
5000
1393.6
13534.42
2091.6
6000
694.44
1500
1000
168
500
1150
1000
11467.24
5000
950
1000
3000
647.26
3000
12000
3000
1000
6120
3000
3803.72
4688
5000
8586.79
2000
3160
1000
5000
3668.7
200
2000
30000
1000
6039.67
3000
23.6
23.6
23.6
23.6
23.6
23.6
24
23.6
23.6
23.6
23.6
23.6
23.6
23.6
23.6
23.6
23.6
23.6
300
3500
21333.36
2000
26253.38
250
3000
4000
5000
5000
90
207220
6200
4000
1000
3200
4500
2200
1000
179.37
500
5000
350
7000
10000
50000
500
685.85
300
10000
97.07
1000
5000
478.13
8000
6
301.55
1000
4500
10000
700
10000
440.32
1800
1000
5000
5000
168.4
2000
850
803.42
5700
200
372.21
5920
5000
1549.82
3000
6300
12322.46
11000
7000
1000
1100
12500
300
5000
1750
1500
12426.34
48.4
5048.56
123.42
2000
5000
10000
1500
3422.62
1000
6000
800.6
4636.89
1000
800
18000
1200
730.71
1000
137601.43
10000
500
791.38
23.6
23.6
23.6
23.6
23.6
23.6
24
23.6
23.6
23.6
24
23.6
23.6
23.6
23.6
23.6
23.6
23.6
23.6
23.6
23.6
23.6
23.6
23.6
1000
10000
1000
646.5
1000
115.01
2534.43
1000
305.2
800
1500
5000
300
1367.02
14728.24
40000
1509.85
4086.17
1995.49
300
2000
1965
700
1500
2000.01
1000
500
15000
17043
29132.11
2654.1
6958.87
15000
23147.59
5000
81.44
14521.49
6125.02
950
1000
640
4899.32
1000
140.75
53
12000
3600
4000
193.5
70500
48.21
134.94
65.41
400
4355.83
5000
700
750
350
300
1000
7000
5000
1800
5000
3000
1600
3065
3000
970
10000
10000
5000
2808.82
15000
4990
3378.5
3186.42
10000
6490
4412
215.19
3500
2500
1500
790
20000
3000
7000
10000
579
500
3000
5000
2800
32055.09
2319.56
61
250
740.83
380.5
1000
500
3304.19
82.96
1000
5000
10000
10000
10000
10000
500
12500
562847
620.65
525.11
28720
500
1000
300
3868.8
21000
500
949.5
40000
3348
247.07
5313
550
23.6
23.6
23.6
23.6
23.6
23.6
23.6
23.6
23.6
23.6
24
23.6
23.6
23.6
23.6
23.6
23.6
23.6
23.6
23.6
23.6
23.6
23.6
23.6
23.6
23.6
3000
31687.3
800
3000
2040.5
2755.14
2000
1000
3000
800
521.41
3800
10000
7500
11000
10000
16572.29
1000
30000
3000
3494.64
3000
1100
500
35000
5000
500
30000
1000
1000
1100
114.07
3009.87
2000
15000
812
30000
15000
2000
60000
2000
1251.76
110.91
5000
5000
5000
68.5
5000
4753
700
2500
1380.18
11000
2000
99.25
60
5000
490
2100
104.1
3000
8836.81
7000
1000
1250
252.9
500
16767.31
2684.51
8000
24.64
1500
1000
10000
300
234.05
10000
2000
1000
1800
204
1800
10000
8919.32
1000
1200
500
5000
350
900
300
20000
1500
250
3000
300
218.6
45.15
2500
1515.97
90
823.4
3000
850
5000
20000
681.79
358.45
1000
1500
300
3000
1000
3679
1200
2000
1500
115
5000
1925.76
100.45
20000
1000
12342.2
690
1020
2000
86.04
1000
168.06
668.57
1200
10000
1000
15000
250
249.73
5045.05
30000
7000
3000
400
51
23.6
23.6
23.6
23.6
23.6
23.6
23.6
23.6
23.6
23.6
23.6
7000
2000
750
1793.89
5000
5061.2
290
9263.69
6596
5000
9000
900
2000
2201.85
150
590
1007.48
3000
500
5000
49.3
1100
7533.55
4000
3500
7000
1100
1943.67
1925.55
5000
10000
3000
200.2
1000
900
1600
650
15000
14377.07
10000
10000
10000
346.5
2840.25
1000
800
5000
5000
3000
1500
6336.23
10000
800
10000
900
2500
790
47.42
5350
1000
30000
2201.72
4000
8000
3945.94
490
1000
5000
379.33
115
500
15000
1000
101.4
90887.79
10000
15000
5000
57
30000
10000
426
1000
5000
490
2840
157.92
1000
5000
32697.96
5000
2400
5000
249.5
287.68
7425.75
5000
14000
370.01
8192.16
1500
52336.14
2000
5000
200
4407.67
1966
390
300
770
1000
2172
3000
2500
20000
343.45
2000
7000
87686.88
21978.06
5000
380.84
700
248.48
3000
500
500
15000
1000
1226.31
219.83
700
1922.04
2000
10849.1
2000
5970
2778.06
23.6
23.6
73
23.6
23.6
23.6
23.6
23.6
23.6
23.6
23.6
23.6
23.6
23.6
23.6
23.6
23.56
23.6
23.6
23.6
23.6
49.45
500
5000
4500
400
749.43
500
500
22740.51
515.12
1500
615
1000
2000
300
5200
26168.46
152.15
10000
80000
5000
1320
7560
50
10312.82
2000
1000
500
5000
10000
8000
48.57
4223.12
3000
5065.37
500
28884.23
400
545.66
8000
9246.6
800
3000
604.5
247.86
5000
1185
3000
200
150
10000
1725.03
25000
10000
100
3000
10000
96471
105.14
4000
360
1000
15000
300
322.98
11000
50000
3673.7
475.01
1000
5051.37
1000
1500
700
398
241.5
5237.39
1100
25589.78
15000
15000
173.71
23.6
23.6
23.6
23.6
23.6
23.6
23.6
23.6
23.6
23.6
23.6
23.6
23.6
23.6
23.6
23.6
23.6
3000
900
1200
51
250
5000
5984.19
230972.19
5000
1407.83
5000
13764.42
10000
25813.68
2400
48.02
205
5000
800
5000
3000
2057.05
9000
499.9
150
31450
57.45
2642.03
6865.34
56.01
801
500
2000
5000
1090
2873.28
10000
5000
35000
285.8
2000
23.6
23.6
23.6
23.6
23.6
23.6
23.6
23.6
23.6
23.6
23.6
23.6
23.6
23.6
23.6
23.6
23.6
23.6
23.6
23.6
12524.3
1152.8
500
135.23
39672.87
800
15000
4166.85
3000
7662.69
866.8
5000
214.44
6500
15000
262.16
5000
5500
920
150
255
49.14
46.92
500
3000
300
1000
10000
2000
12000
733.74
300
800
550
737.44
2523.6
6086.2
2255
206.4
1000
100000
40000
374.41
550
142.59
690
2000
900
600
20000
400
10000
6000
250
5000
5000
2000
3000
2650
15644.46
2760
1100
3000
2000
1500
4000
149.35
2700
350
2000
3000
6000
1200
51166.08
4000
1600
17000
5000
541.91
2783.65
27857.86
352.47
200
350
350
5000
25000
2000
109.88
82.48
46.02
330
394.32
1000
10276.53
400
10000
5000
1000
300
422958
1500
63.73
1000
4000
518.75
5000
21088.73
55.76
60
389.5
1000
530.3
3000
8746.44
300
500
5303.63
2000
3000
458.33
10000
530
5000
5000
10000
1307.6
23.6
23.6
23.6
23.6
23.6
23.6
23.6
23.6
23.6
23.6
24
23.6
23.6
23.6
23.6
2200
30000
1090
1500
350
6000
1366
2000
1000
2000
785.52
1500
5000
690
500
350
975
690
1500
1500
3010.39
401.46
20000
4706.67
8000
3000
80.31
3500
10000
30000
399
300
592
295.5
161.5
5502.48
10159.3
4982.02
583.33
5400
6218.44
26631.31
5000
15000
1000
900
25000
167
46.2
300
2805
3000
450
10000
2000
21700.79
49.8
1210.05
3200
20000
4290.96
41.94
50000
1500
3474.55
500
115.34
33.87
30000
5000
20000
2630
89.46
2084
2000
300
5000
1250
2500
178.75
1500
40000
14070.32
491
799.57
10000
241.92
4700
580
452.57
3000
1000
28415.51
10000
5000
300
3000
1283.16
3000
3000
5500
5000
2327.14
3500
64.67
5000
500
27000
259.2
240
1100
500
11488.52
30000
20931.49
160.49
4446.81
161111.32
1000
2000
37449.38
1500
30000
4000
480
1000
1000
108.5
381
2000
6000
5213.23
76253.9
500
1680
10000
23.6
23.6
23.6
23.6
23.6
23.6
23.6
23.6
23.6
23.6
23.6
23.6
23.6
25
23.6
23.6
23.6
400
4000
157044.77
1000
700
2000
300
550
1000
1200
17000
3900
3500
5664.91
85.65
1500
4687.69
1480
500
15000
1800
9424.86
5000
15000
1000
215
15000
15000
326.94
49.34
20000
1000
3000
1000
500
3300
4000
100
6000
117.01
700
1000
116.04
13000
50000
1000
8375.92
850
5000
2000
600
5800
21841.88
1500
3000
500
4000
3869.26
6568.46
590
4000
274.76
5000
300
6000
63.74
954
4790.2
25000
13000
3360.64
102.93
5000
1000
850
7000
1500
117.67
500
400
15000
5135.33
4000
1500
6000
233.04
289.04
5000
25000
250
20000
6912.88
2000
500
1100
2500
300
451.85
3000
3000
5000
2000
1000
3000
7000
1000
901.62
24600
15000
3071.9
50000
4000
1000
1889.92
1311.39
1000
3000
115
20000
1135
2754.05
2000
600
15000
2520
15000
96.55
50
1000
230.16
2132.3
4000
3000
12000
23.6
23.6
23.6
23.6
23.6
23.6
23.6
23.6
312.27
23.6
23.6
23.6
23.6
23.6
23.6
23.6
23.6
3000
1500
348.45
2500
5000
2000
3600
240
1000
1836
1000
3000
100
5000
250
10000
40000
165.19
1000
349.39
41.69
8845.69
1600
3000
10000
57.99
6996.81
111.65
2000
50000
1500
1250
1000
100
10000
15000
1000
3000
500
2602.38
2752.39
6252.33
346.08
100000
60000
2500
20000
150000
3000
240
71.51
8656.67
1000
600.04
1000
5000
2690.79
40865.03
245
1747542.26
4000
2000
1000
437.75
299
1184.3
15000
222.29
490
4500
1500
1500
49.11
3000
250.24
1000
5000
2700
800
500
450
680
330
3000
5000
2000
5000
1000
947.16
5000
458.84
57.3
700
400
11409.26
5042.93
23.6
23.6
23.6
23.6
23.6
23.6
23.6
23.6
23.6
23.6
23.6
23.6
23.6
23.6
23.6
23.6
23.6
23.6
23.6
23.6
23.6
23.6
23.6
23.6
24
23.6
23.6
23.6
23.6
23.6
700
1622.72
34991.8
10000
2760
5000
26000
250
1353.6
550
1500
350
5379.29
1680.16
7000
6000
1500
140.07
200
10000
500
3239.44
20000
500
8000
3218
1200
7087
219.9
1000
1000
510
700
42859.53
12000
10547.41
3000
143
240
900
15000
1652.96
490
117.27
415.58
165.8
4000
1000
5220
1000
1800
500
1500
10574.72
6400
6597.26
350
7000
2500
20653.7
5000
222.68
3000
4000
3000
500
700
4500
10800
500
900
1605.55
28304.92
5521.75
1500
103718
1000
179.75
5000
49609.44
5000
4968.3
6490
65
300
5600
335.16
900
399.45
25400
1016.29
1500
15000
5000
288.68
20000
3942.94
5000
2000
700
1000
2500
5000
8340
1000
4600
4000
2000
3000
6051.92
5000
10000
7000
1000
2000
8733.43
690
1000
10000
2000
20000
3000
11010
23.6
23.6
23.6
23.6
23.6
23.6
23.6
23.6
23.6
23.6
23.6
23.6
23.6
23.6
23.6
23.6
23.6
23.6
23.6
23.6
23.6
23.6
23.6
23.6
23.6
2000
250
4726.67
48.3
5000
3000
36587.96
8100
500
2500
240
2000
5000
978.83
350
390
8740
500
1500
1000
12360.42
53.51
430
3000
400
1382.81
136
1486
1140
5327
6000
2000
235.5
1050
92.12
590
2000
159173.08
1000
300
6000
1971.27
7100
50
124.76
3000
1033.33
2000
1000
12774.48
87997.34
300
2556.46
3000
20000
4878.76
4000
2500
3000
1892
37629.1
1000
200
22771.27
600
70000
22000
20000
500
10000
500
4000
2000
3175.55
3000
99000
700
1000
1637.65
3747.53
10000
2500
3000
5000
50.74
40000
5000
51000
7000
83.77
8000
14715
1313.45
1091.2
300
590
69.11
534.95
2000
700
20000
850
109
1000
10000
10000
10000
300
1137.39
2000
1684.41
2500
1000
186.71
15000
23.6
23.6
23.6
23.6
23.6
23.6
23.6
23.6
23.6
23.6
23.6
23.6
23.6
23.6
23.6
23.6
24
23.6
23.6
23.6
23.6
24
23.6
23.6
2000
5000
500
126.5
6750
20000
100
5405.28
550
7000
20000
1000
25672
950
10662.08
3000
6000
2090.86
250
500
10000
183.77
675
1000
50
3616.42
3000
1700
10000
3000
639.21
200
112.9
1250
3000
4973.05
49.19
32014.11
2053.46
487319.91
2000
500
5000
20000
300
500
1000
1000
13110
500
10000
5000
5000
1500
4500
10000
6500
10000
2500
5000
289.54
1000
1000
2000
10000
11343
338.71
2248.4
10000
282.5
5000
10000
117.53
27186.61
1878.6
3000
12600
3000
5000
4000
800
114.47
200
10000
7073
5000
3000
3000
22688.08
4000
760
721.34
10000
3000
150
2500
4102
1160
2000
6217.42
3200
10000
400
21788.81
5000
8924.5
4485.09
1000
800
2760
3000
225
30000
2060.89
500
10000
140.44
500
23.6
23.6
23.6
23.6
23.6
23.6
23.6
23.6
23.6
23.6
23.6
23.6
23.6
23.6
23.6
23.6
23.6
23.6
23.6
500
20000
9200
5000
192368
253.66
7000
3000
1000
100
1250
15000
17000
16522.19
700
1000
1500
350
49.2
550
1416.8
3000
697.66
6000
30000
5750
26193.98
100
10000
5000
5000
60.64
1730.6
20000
8000
500
134
4000
50000
200.95
1409.2
1000
10000
8361.48
400
3000
3000
771592.5
10000
69.4
9
1000
10500
27864.48
20000
19629.27
25000
3000
27992.32
93750
500
3000
4000
603
7500
2082
538.14
1500
816
4000
6000
10000
147.28
15000
47.84
200
4398.21
1888.04
15000
196
2500
1305.42
3000
690
3381.51
1500
200065.6
600
10261.35
1121.65
3.1
15000
3000
240
1837.4
5000
25000
6000
3445
130
3489.68
1500
30000
6000
5000
5000
3899.85
150
23.6
23.6
23.6
750
38337.29
1000
5000
3067.9
5000
850
168.27
5674.1
1500
5000
3000
711.5
5000
1000
155057.04
1000
495
50
6000
5000
1000
2662.93
500
2000
395
2500
800
10000
6000
3000
912.5
5000
1480
10000
1000
3637.67
182.86
5400
3000
5000
650
3000
1614.04
1500
10000
2116.48
1000
10190
300
1803.09
436.95
1313.5
3300.99
250
590
4050
13297.86
300
47.1
25000
5000
5000
22758.59
66873.87
290
10000
2000
17522.46
1250
5000
400
7000
500
995.11
10000
24305.72
9200
2200
400
413.95
1500
123.47
2700
3000
352
1500
500
500
3000
531
550
5000
1000
24
23.6
23.6
23.6
23.6
23.6
23.6
23.6
23.6
23.6
23.6
23.6
23.6
23.6
23.6
23.6
3000
8000
5300
152917
9789.67
5000
59.21
1000
371
6800
1000
300
900
6000
3150
2990
1700
200
2000
600
1050
238.88
1769.55
25000
1830.4
8000
6000
4459.64
650
46.3
200
3500
3000
29785.04
20000
690
1212.6
6776.33
300
5000
5000
750
850
2380.74
2000
600
143.4
250
3000
238.95
300
350
171697.65
413
1
3000
22786.89
2000
55066.13
500
6737.69
5000
12000
10000
5131.67
23911.85
300
23.6
23.6
23.6
23.6
23.6
23.6
23.6
23.6
23.6
23.6
23.6
23.6
23.6
23.6
23.6
23.6
46028.75
2000
309.01
302.49
18256.99
5000
472145
22763.74
3886.2
4000
390
2000
1800
250
1000
10000
2973
4000
5000
203914
100
11216.87
52.07
15000
1375.25
4405
133939.84
13990.45
2000
1000
500
15000
1440
25000
15000
940
5000
49.87
221.3
998.78
7000
15000
319.71
3000
820
1924.29
1867.59
390
5000
1200
10000
700
2220
3783.55
12848.56
22261.8
300
2110
3000
200
477
5000
3000
1800
1000
4003.42
1500
3000
4460.75
47.08
1000
2641.5
350
2500
5000
6991
3000
400
487
5000
5493.55
718.16
40000
850
15000
35060.2
1332
259.5
400
1538
10000
3000
20000
471
700
3000
1000
2100
2000
5000
3000
101.06
500
1700
3000
2771.54
23207.48
500
23.6
23.6
23.6
23.6
23.6
23.6
23.6
23.6
23.6
23.6
23.6
23.6
23.6
23.6
23.6
23.6
23.6
23.6
23.6
1100
5000
5000
9000
5000
15411.97
1096
1082.95
21000
5000
1500
10000
8943
3000
100000
1500
250
6456.79
16789.27
480
284.78
10000
16000
900
10.71
3940
2300.05
4100
45000
700
515.89
4500
2000
5000
150
600
1828.48
1219.3
1008.25
2900.3
1000
23000
11000
500
1000
2000
3850.56
1500
1100
336
6000
16900
10000
160.85
5000
1000
1000
106
328.9
1500
300
2000
10000
16281.7
48.21
500
2000
1000
1500
10000
1500
3000
4000
10000
58652.71
2000
145.16
2000
7650
15000
3000
985.78
246.44
20000
5058.87
290
500
1917644.36
4053.04
500
300
23991
3000
7030
1000
2000
5000
1000
500
300
4635.98
500
11555
2783.04
241.4
6000
1000
14525.31
229.38
1500
23.6
23.6
23.6
23.6
23.6
23.6
4000
590
7000
200
7700
1500
1500
3985.6
2000
2500
1500
1000
3000
46.46
2940
49.36
38611.96
1000
1500
450
2000
440
1635.91
29444.76
8000
1500
200
2000
1000
900
241.15
34348.96
5000
10000
101.5
1000
29620.23
23.66
23.6
25
23.6
23.6
23.6
23.6
23.6
23.6
23.6
23.6
23.6
23.6
23.6
23.6
23.6
23.6
23.6
23.6
23.6
23.6
23.6
23.6
23.6
23.6
23.6
10000
10000
1000
500
400
3000
1992.19
5000
690
1500
3000
1000
2000
5000
2000
5000
500
4000
250
2204.75
1128
20000
1500
5000
6000
1000
550
2168.35
313.5
3000
2925
6490
3000
7000
480
3000
1
3000
20000
2500
335
7000
12000
16000
1581.97
590
60
409
2100
4000
300
1000
10000
50
414
15540.32
1000
690
6000
450
1000
1000
1500
300
650
1190
3000
2285.34
1000
5500
60
1473
650.1
1000
1000
300
5000
7000
120
1340
3980
5000
335
300
1027.54
3778.5
300
10000
3000
500
19000
23.6
23.6
23.6
23.6
23.6
23.6
23.6
23.6
23.6
23.6
23.6
23.6
23.6
23.6
23.6
23.6
23.6
23.6
23.6
2469.1
94.21
1700
3000
20000
500
4258.85
42596.67
3274095
353.84
500
2000
344.77
118.98
600
1500
3500
1000
3150
10000
2000
1000
89559.91
1000
36187.38
15000
2000
4546
2704.51
2000
490
2090
915.4
20000
2500
113.22
4000
40000
2715.92
1122.92
300
650
6000
443.5
6624.85
1500
32559.64
498.4
500
7000
54.81
191
5000
3000
3000
340
10000
114.72
200
2000
1356.45
18275.99
300
1500
377.38
10000
6000
10000
833.87
5000
10000
7000
2000
300
117.55
98361.61
10000
2200
7658
3450
1400
2500
2527.2
2000
450
10000
11887.53
1500
5000
1000
5000
31419.86
1000
3500
307.04
1968
5749
2305
1500
3811.6
10722.78
10000
20000
17542.15
56.63
6042
1400
1000
490
516.16
49.82
10000
2649.82
10000
23.6
281
2000
158.79
10000
100
3000
1610
30000
1100
1600
253.28
372.4
5000
1500
500
720
23573.68
3826.81
5000
1892.77
750
81
5000
825
5000
70000
1300
5000
5000
6000
6341.56
2000
1000
316.71
3000
67.18
290
250
1050
375.99
600
1500
1750
14525.3
300
17000
23.6
23.6
23.6
23.6
23.6
23.6
23.6
23.6
23.6
23.6
23.6
23.6
23.6
23.6
23.6
23.6
23.6
23.6
23.6
23.6
23.6
1000
30000
5000
137.9
176.08
350
500
1828.71
473.16
10000
15884.55
11494.51
800
20000
550
2000
3000
500
4000
6400
5000
100
3534.19
5000
2915.36
23600
5000
7000
219.68
594.48
1250
3000
1000
1500
379
278.54
5381.03
2000
1250
190.45
5000
2000
300
3000
590
3000
580
629606
350
1500
1000
2650.58
500
6000
466.6
25431.04
622
1500
439767
170
700
500
122.07
1400.5
331.46
1500
3697.98
7000
4114
822.5
690
271.76
3700.42
500
3000
21218.3
590
54000
650
1242.95
3000
3600
1000
250
114.25
10000
4500
600
48.21
5200
3397.5
1000
24.53
1500
73968.26
24730
1200
30000
500
350
13000
1000
3000
317.07
298.09
500
232
23.6
23.6
23.6
23.6
24.34
23.6
23.6
23.6
23.6
23.6
23.6
23.6
23.6
23.6
23.6
23.6
23.6
23.6
23.6
5069.4
5000
450
2000
1500
483.44
211.26
15000
5000
5000
1268
5664.2
14400
690
1000
500
1251
6000
1350
500
133610
10897
200
3000
15000
300
106443.6
2000
500
100000
350
5000
10000
521.62
480
450
675.18
300
1500
6959.26
9110.33
2500
13551.33
4000
60751.97
10000
490
3000
3000
5000
13070.62
1500
34460
35000
4305.66
3000
1000
4000
4423.8
300
60
5200
3000
119294.65
450
3989.46
1958.3
7000
500
1500
5000
106.4
2100
590
240.9
2200
1000
480
1000
7000
500
240
5000
12321.5
2108.83
990
500
32171.93
38184.58
483.71
2200
50
1000
4847.73
193700
185828.02
1000
7889.27
7000
319.76
10000
353569.52
3000
680
1500
10055.8
5000
12713.44
125.63
1161.6
3644
23.6
23.6
23.6
23.6
23.6
23.6
23.6
23.6
23.6
23.6
23.6
23.6
23.6
30
23.6
23.6
23.6
23.6
23.6
23.6
23.6
23.6
23.6
23.6
23.6
2006.65
692.32
3000
1689
3000
9526.57
5000
5568.49
20000
5000
2000
2000
770
3000
1000
10000
700
490
3000
6137.99
78.06
1000
2946.56
280
112
1000
1000
10000
707
400
500
8810.65
750
3500
50000
10000
1000
9919.97
300
5000
98.24
342.86
1872
116.52
500
800
2000
200
10000
240
15000
600
4720.63
3609.81
1200
1000
6000
2000
214.52
12908.26
3000
3000
290
2981
723.04
2000
500
250
1000
1000
3874.1
108.8
122.45
3500
20000
10000
1851
120.97
1315.73
1300
200
300
1300
3000
20000
2000
57653
5316.92
28000
7000
4000
5000
5583.9
5000
1500
312
3000
5000
60.75
700
8735.59
20000
10000
12000
4060
250
28967
50
300
5274.56
5000
20000
300
4205.98
2000
3000
145
7000
27300.86
1500
800
700
650
1600
1850
4000
14200
218.8
235.66
250
4974.93
4000
1206.83
6565.41
850
18838.17
1300
3000
8575.26
5000
1707
218.55
724.96
5000
6000
8000
218.97
1000
23.6
23.6
23.6
23.6
23.6
23.6
23.6
23.6
23.6
23.6
23.6
23.6
23.6
23.6
23.6
23.6
23.6
23.6
23.6
23.6
142.42
4500
3000
166
1000
5000
1500
5119.5
2500
600
280
2273.63
3000
2000
48.51
359.6
45.42
2000
1200
50000
1833.6
3000
68.67
1000
805.25
12510
700
31090.1
306.68
35000
216.83
3000
450
3200
700
2514.67
8000
3000
4360.86
490
5000
3343.83
112.95
6000
2819.36
300
4000
746.22
500
300
850
1372
550
7000
4000
1800
3000
3000
10000
2000
2131.5
300
30000
10720.21
1000
13000
113.75
4000
2200
3000
54.4
1000
8000
5000
1500
20000
300
1100
5000
1000
5000
327.75
1000
2000
6000
212.06
9500
537.99
1000
1000
400
3000
222.59
850
5000
30
2553
5000
15000
3919.35
6436.1
900
2400
700
5820
6129.9
500
6000
5000
47
5000
20000
563.76
281.75
1619.14
94.55
4000
5103.19
972.04
2130
500
2500
386.5
5000
366.47
5000
15000
23.6
23.6
23.6
23.6
24
23.6
23.6
23.6
23.6
23.6
23.6
23.6
23.6
23.6
23.6
23.6
23.6
23.6
23.6
23.6
23.6
23.6
23.6
23.6
23.6
74
23.6
23.6
23.6
23.6
23.6
369
400
3031
3000
2000
17085.6
2000
1500
3000
2088.42
3000
5000
118
113125.98
2339.25
900
12411.22
5000
10000
10000
1322
1500
10000
4700
126.39
1900
800
4500
10000
5000
500
550
200
1500
2000
50
1700
302
2000
800
70
9501.84
252.2
400
1200
500
1000
5250
21376
2300
1250
5100
10000
3000
26688.34
35996
5000
5000
800
10000
2561.55
300
5680.66
330
5000
3500
1000
40000
2300
593.37
8192.82
50000
589.63
7000
450
2500
1000
169.62
2000
10000
1000
1594.73
7555.47
3100
4169.59
870
657.8
2500
160
500
4214.82
398.54
15000
5637.37
2000
50000
289.4
1623.76
2466.45
5000
10000
650
13990
490
1000
15000
1800
2750
1434.9
1000
1000
5000
117.84
1078.68
4
2800
50000
780
20000
5500
68.4
1000
450
2300
1914
23.6
23.6
23.6
23.6
23.6
23.6
23.6
23.6
23.6
23.6
23.6
23.6
23.6
23.6
23.6
23.6
23.6
23.6
23.6
23.6
23.6
23.6
23.6
23.6
25000
5000
5000
1000
2000
5000
5000
300
900
100
89
5000
1500
2000
179.01
50000
1150
1480
5333.28
1250
500
5000
1500
1000
1200
20000
700
32436
500
148.44
5285
15000
11000
188.43
1000
34452.56
17598.31
40000
1435.83
800
10000
4253.23
224.16
1450
3840.1
3000
668.1
29225.23
166.42
10628.45
17552
54.17
1618.05
7989.81
20000
12500
25000
10000
300
5000
10000
279.66
3434.65
1602
2184
15000
35324.51
300
1000
1302.02
14368.86
5000
1000
3100
5000
756
1000
2000
6300
3831.59
39707.34
300
221.83
9214
43554.06
219.2
18438.15
120.19
650
4532.39
8654.84
655
803.5
14525.31
600
30000
1000
23.6
23.6
23.6
23.6
23.6
23.6
23.6
23.6
23.6
23.6
23.6
23.6
23.6
23.6
23.6
230
3000
12000
5000
219.49
800
960.79
3000
290
4.84
360
2500
500
4164
5050.53
500
323.3
1200
750
4000
1200
7950.65
1000
5351.65
3000
30
480
1500
5000
5000
17958.57
200
7000
183
2915.2
20000
2000
3488.34
1200
2000
800
200
225.41
1740
934
10000
2000
1000
1594.91
13537.26
1200
562.26
28173.68
3000
9563.99
800
1547.88
1500
1000
114
2000
2000
10000
15000
2000
3000
7970.21
3000
5000
200
300
49.07
30000
5000
174
3000
4550.5
450
7214.97
38822.45
350
2000
250
2000
850
12504.79
400
534.2
1100
351
1000
5000
3463.87
1800
245
16076.9
15000
2000
3000
4000
3000
17971.21
10000
5000
500
50000
2000
750
4450
23.6
23.6
23.6
23.6
23.6
23.6
23.6
23.6
23.6
23.6
23.6
23.6
23.6
23.6
23.6
23.6
23.6
23.6
23.6
23.6
23.6
24
23.6
47.96
4708.6
1262.32
10000
1000
7000
300
3000
8319.84
1300
10000
30000
500
3590
200
2000
600
416328.26
613.87
1500
900
3200
800
107.5
206.77
300
10000
2400
100
500
100000
4808.08
5394
3000
3000
1001.2
408.89
1000
23142.13
1500
20000
36432.14
1500
220
20000
2066.15
2000
3000
1200
1500
16000
1000
2000
2712
20000
5158.03
20000
450
4000
600
19191.29
78.39
10000
4500
4672.77
42000
3500
8702.96
300
12000
528
5000
11000
1500
156.49
2000
300
1000
500
2000
300
6093.43
300
10000
2000
5000
7328.37
8000
1500
350
1000
5000
1800
332.38
2111.2
228
11170.41
5424.66
1859.4
675
15000
7000
3000
1500
500
300
1000
45293.93
500
6000
5000
3000
1500
500
15000
1160
1499.45
200
5000
150.02
10905.56
2889.82
50
2000
690
250
50000
3000
200
6470
271
800
1000
6205.93
3000
321.38
550
886
3000
231
7100
200
3000
700
2000
889.43
1000
1000
1000
500
217.96
7202
6000
67.21
8284.5
1500
1088
2000
12982.06
2000
211
10000
74.5
1000
7000
2000
18911.02
344.5
5000
4750
1500
500
5000
3000
1700
282.42
250
133.44
217.49
400
1040
1000
500
1000
10000
10000
600
650
830
290
300
886.4
1000
5000
3731.2
1100
3000
1000
237
7000
50052
199.26
23.6
23.6
23.6
23.6
23.6
23.6
23.6
23.6
23.6
23.6
23.6
23.6
23.6
23.6
23.6
23.6
23.6
23.6
24
23.6
300
3000
290
20000
150
4276.88
324
800
45.67
46
1500
1460.37
30000
12000
1000
340.95
1000
300
25000
5000
186.39
10851.22
1000
300
4000
3000
2000
7680
10000
5000
10000
30000
1000
2500
44000
23973.13
10000
1000
49.63
1500
3000
450
1500
3000
3000
13346.78
4000
57
2000
10000
790
1000
109.3
3000
23.6
23.6
23.6
23.6
23.6
23.6
23.6
23.6
23.6
23.6
23.6
23.6
23.6
23.6
23.6
23.6
23.6
23.6
23.6
500
15000
46.1
3000
150
229.32
70.85
3100
450
825
570
8742.56
111.67
291.36
1000
10000
1250
5000
1500
5000
1500
148.5
351.25
270
15500
5000
5396.2
54.63
1500
3000
1000
1500
3600
4651.97
1800
700
2300
3000
1780
10000
94.07
990
600
4556.45
2000
2000
4388.15
250
20000
8.05
3000
10000
30000
4481.5
192.5
498.44
1000
174.3
350
5000
300
200
30000
1749.97
8000
10000
1400
1000
5000
20000
5000
4742.46
1700
1000
733.6
48891.95
100
9426.42
13556.82
20000
5090.16
5000
200
114.66
4092.55
3240
6230.71
3000
25
1000
550
48.49
600
2000
232.47
4142.93
30000
1000
500
3000
500
14525.31
10612.67
500
23.6
23.6
23.6
23.6
23.6
23.6
23.6
23.6
23.6
23.6
23.6
23.6
23.6
23.6
23.6
23.6
23.6
23.6
23.6
23.6
24
23.6
24
23.6
23.6
23.6
23.6
23.6
23.6
152.52
5000
613.6
2888.2
5000
3000
650
500
3000
609
562.31
480
2590
5960.37
690
40036
2000
55954.75
1244.61
421552.5
4500
298.9
3000
800
9883.32
0.9
23430
1000
1100
2000
650
3300
51549.64
5500
2000
10000
6000
1500
450.35
683.9
2741.47
3000
1802.48
50000
5000
400
6662.1
150
3400
15000
420
109
500
16942.68
1500
34.9
2991.98
5000
878
1500
566
910
4414.57
343.36
10000
203.9
7000
6042.08
15000
87.85
3286.9
11536.62
500
4893
11000
500
1000
439.5
7000
3850.39
1500
112.29
10000
5000
800
11000
1000
239
568.45
4000
1000
35713.34
25157
4079.58
5000
600
1000
5000
550
5000
4527.87
3000
10000
8000
3000
3057.48
3200
3000
447.94
400
75
2000
137.65
550
838.98
430
1000
20978.63
2800
1200
552.29
1239.27
6000
2100
400
1500
5000
30
23.6
2100
3000
700
118.29
500
2500
500
1200
131273.78
4000
440
17000
8696.23
900
600
2061.07
2500
2000
300
1385.09
1000
20000
10588.4
5000
3000
2000
10000
6000
48578.85
58000
5000
5163.13
7000
300355
500
9788.83
20000
500
2000
1000
14525.3
3000
20256.75
272.29
23.6
23.6
23.6
23.6
23.6
23.6
23.6
23.6
23.6
23.6
23.6
23.6
23.6
23.6
23.6
23.6
23.6
23.6
23.6
23.6
27862.4
488.97
3000
5000
30000
1000
15000
2000
1000
3052
500
400
1200
1000
10346
203.85
63.24
3000
675.57
2000
2400
15303
1000
15000
1000
7000
1000
5000
1000
10496.14
161190.78
2816
1280
6000
3000
2087.84
3000
19613.74
10000
4500
2000
1500
1000
20000
2000
2000
7544.81
5000
200
3000
3600
3500
790
3000
350
2000
5504.06
2000
500
5000
20000
300
14070
5000
2500
500
15000
600
632
4015
7000
300
1920
7253.75
690
3000
53.52
1253.5
1500
30000
160.17
795.88
5000
220.78
1583.38
62.33
6000
23.6
23.6
23.6
23.6
23.6
23.6
23.6
23.6
23.6
23.6
23.6
23.6
23.6
23.6
23.6
23.6
23.6
23.6
23.6
23.6
23.6
23.6
3000
150
240
11334.72
166.74
2000
5000
3000
5991.7
10000
10000
5000
5000
5000
500
15000
700
1412.02
500
3000
2000
6548.8
2814
2000
25000
1000
50000
136689.02
10000
500
9493.29
14447.25
6000
500
300
1050
101.35
5991.65
6359
10000
2500
500
2565
420
9407.15
5100
1378
298
2000
10000
2000
15000
47.4
348.87
4675.6
824.9
174994
1000
10000
18056
1500
3520.13
1266.1
3000
1500
9836.27
8350
23584.98
500
1740
1000
431.8
300
10000
5000
1000
1349.81
3000
170
3400
4000
13000
218.7
4000
6010
40000
147.63
1000
2000
1651.94
480
875
191.11
400
4974.18
5000
16500
1200
10000
2360.7
10000
3000
26500
3000
169.11
5000
950
8000
700
104.6
2000
5649.4
21354.57
610.4
200
200
2000
2000
1000
30000
2000
3000
662.06
1000
26000
319.9
2273.6
800
2000
15000
11141.23
980
10000
1500
47.45
700
730
10000
5000
5000
957.13
14525.3
23.6
23.6
23.6
23.6
23.6
23.6
23.6
23.6
23.6
23.6
23.6
23.6
3000
5000
2000
5760
1500
2000
1257.13
2000
465.39
3000
500
1000
1500
50
125.04
40000
1000
10000
4000
744
7000
57.31
203
5000
40036
5000
367.25
1500
258
2000
388.01
200
9882.8
8213.41
60.79
11862.35
10000
425
2183
10906.02
1400
350
200
5000
3000
1230.73
10000
3858.43
5000
3000
4561.6
5000
15540.59
2000
5323.88
500
1036.2
15000
300
1600
350
1000
3000
2000
10000
109.13
3000
15477.53
25000
1500
2000
1106.83
30000
3201.4
485.5
1000
15000
5000
5690
1000
1000
500
6000
3500
6132.3
300
590.01
1000
30000
3900
3594
10000
17278.68
2000
30000
7200
2000
400
3946.56
10000
7000
1250
134.47
5000
4837.52
295
20000
4000
2000
700
1000
2219.22
700
900
190
23.6
23.6
23.6
23.6
23.6
23.6
23.6
23.6
24
23.6
23.6
23.6
23.6
23.6
23.6
23.6
23.6
10000
3
1100
1000
1300
25000
1500
300
500
1000
6254.35
2000
1300
500
932.23
1000
6000
300
35000
274.34
10000
600
5000
355.8
488.17
17800
1240
6106.5
3460.9
15000
2000
7414.75
4000
3000
20000
1560
800
480
500
1200
69335.48
480
8850
196.65
156.19
1020.9
6330.52
117.23
5661.35
200
366.84
15000
3000
18200
641.49
1500
10000
2500
2000
5000
1000
52.38
40000
710
20000
3500
390.08
1600
51.4
52.45
6489.28
3000
250
8000
325.5
20000
5746.54
58899.63
3065.61
7000
2000
10000
16901.83
53.18
5741.54
10000
1000
400
1000
491.25
3829
1500
331.86
5000
7000
1110.9
2000
1000
425
5000
5000
400
500
10000
42845.76
2131.5
2600
750
23.6
23.6
23.6
23.6
23.6
23.6
23.6
23.6
23.6
24
23.6
4248
500
4000
3682.55
20000
111.79
4606.64
2000
5000
850
3000
106.26
57.46
85.23
3500
5000
1250.25
5000
658.66
14525.3
23.6
23.6
47.2
23.6
23.6
23.6
23.6
23.6
23.6
23.6
23.6
23.6
23.6
24
23.6
23.6
23.6
23.6
23.6
48.9
5000
46500
5000
690
200
100
350
50
5787.49
15000
1825
1500
700
1637.86
3000
1000
11981.55
4986
1551
2500
3000
6000
300
20000
2000
162.72
5000
1751.5
4573.22
68597.58
10000
15000
543
590
10000
4000
3000
5565
307.16
1500
75416.54
800
2000
1000
534
5000
17700
3000
2360.11
1000
1360
2000
490
5150.8
4000
106689
5000
3500
1926.59
53018.6
286
2704.03
5000
2114.11
160
3000
200
228.93
5000
6000
1000
720
10000
165.98
2823.15
750
5000
3837
2959.03
1678.05
10000
400
5000
2576.59
800
2000
45000
10000
1500
9583.33
62.89
5000
1000
355.62
9237.07
4000
5647.37
11500
50000
195
1500
500
850
500
10000
1455.23
4799.2
117.51
3500
2000
11023.62
40000
678.71
17764.23
2000
3500
1384.63
305.63
7400
1000
3000
1400
132.37
5000
600
300
15000
39.29
4000
15300.23
5000
1758
1000
23.6
23.6
23.6
23.6
23.6
23.6
23.6
23.6
23.6
23.6
23.6
23.6
23.6
23.6
24.2
23.6
23.6
23.6
3000
2583.14
1500
815
259
3000
264
6000
1247.5
8000
1338.01
1500
50
2000
585.8
1100
3000
2779.26
3517.94
2600
420
841.43
3000
731
4000
1380
20000
5000
300
1500
13000
431
120
400
194.5
300
700
27806.27
300
2686.1
5000
5000
8000
30000
790.1
1920
3500
3000
50000
2000
26847.01
2300
4500
1500
131100
73.56
3000
20000
1433.6
2000
290
390.96
35000
2500
3000
1200
2000
20000
19000
500
497.2
1745.89
1000
550
1500
6800
1000
5000
27975.2
220.8
2200
1550
260
400
25202.14
229399.3
2956.47
7000
1219.84
1500
10000
850
10000
15000
17949.51
800
300
200
2000
15000
233756
4000
3620.03
839.46
43366.08
590
59
1000
9818.08
6000
1100
92.9
127540.63
10000
30000
3000
13376.73
81811.43
4500
257.02
1100
1000
19343.69
25076.13
25000
1508.7
100000
23.6
23.6
23.6
23.6
23.6
23.6
23.6
23.6
23.6
23.6
24
23.6
23.6
23.6
23.6
23.6
23.6
23.6
23.6
23.6
23.6
23.6
23.6
23.6
23.6
690
596.56
1000
5000
700
49.82
3000
6500
30000
50
23353.4
800
15000
64293.67
3000
5000
15000
69.26
500
353.5
7640.37
5000
3000
2200
1500
40000
213.6
12358.78
4000
5000
10000
4000
3000
87.11
250
246.47
102.98
2500
628.75
1268.93
8496.09
3100
1000
791
5000
490.09
50
48.79
96613.6
500
12103.46
5000
6923.32
5000
2000
1040.4
33000
2704.8
650
2100
3000
9876.05
10000
4894.93
10000
216.5
20000
48092.75
1385.71
2004.1
690
148.6
10000
23.6
5716.44
300
1000
83.04
1000
300
7000
236.76
500
200
100
3000
304.95
348.13
55000
1500
10000
2
500
4000
97.08
1500
5258.44
2500
2000
3000
790
8145.97
1838.12
7883.3
2000
590
30000
2562
6000
4600
300
400
10700
22179.28
480
1013
3000
1500
800
375.55
5000
3000
2000
3000
3000
1693.29
6689.11
1500
100
550
8000
38994.72
1000
151.5
1000
2000
23.6
23.6
23.6
23.6
23.6
23.6
23.6
23.6
23.6
23.6
23.6
23.6
23.6
23.6
23.6
23.6
23.6
23.6
12398.39
2000
300.11
5000
1000
550
50
47.05
119.35
182.26
50000
70.97
1100
715.65
1000
2500
300
557
500
9170.41
700
500
98
3600
750
2850
2000
1000
500
7000
3192
152824.28
390
593
2500
10000
378.86
145
8399.51
221.93
49.97
6488.8
3000
250
1493.75
500
500
6000
10000
5023.72
2000
168
500
3000
800
1500
126381.67
2605
1100
2500
71000
10000
5000
300
1000
15000
20000
400
5000
230
212.5
314
2000
250
10000
1000
5000
21387.65
1000
1000
110.66
4000
19231.01
6600
1960
1125.18
2400
1000
181.64
2000
500
500
3000
2517.25
29941.32
3844.8
2000
3736.99
500
23.6
23.6
23.6
23.6
23.6
23.6
23.6
23.6
23.6
23.6
23.6
23.6
23.6
23.6
24
23.6
23.6
24
23.6
23.6
23.6
23.6
3098.19
2000
27626.4
17000
5000
4800
1500
11000
3000
300
10000
100
2220
3050
200
20000
1100
3000
15000
500
1000
87.91
3000
5108.72
2635.85
600
790.53
9900
800
2818.72
10000
500
2000
3000
5000
1250
3918.28
203.51
3000
5000
2000
3500
1800
2995.75
1000
6791.48
6000
5000
77.3
819.55
12000
2000
3932.75
500
426.42
2000
600
60.26
5310
117.18
5000
32061.05
3982.68
420.01
10000
5670
3000
15000
1250
5516.48
83
500
1200
2970
10000
500
349.61
893.09
8602
500
5000
3000
655.35
10
2500
7386.32
19171.34
800
2249.04
5000
1000
2000
3000
2000
429902
2333.8
3600
4000
6886.62
500
14686.27
8500
2000
500
300
300
269.84
33600
339
115.49
8560.4
199.72
3031.65
1000
70000
10000
15000
40965.75
40000
15100.15
233.32
23.6
23.6
23.6
23.6
23.6
23.6
23.6
23.6
23.6
25
23.6
23.6
23.6
23.6
23.6
23.6
24
23.6
23.6
23.6
5000
1250
23.6
3000
10000
3000
1500
1000
8250
547.29
1429
800
1000
2590
500
16000
61.52
12000
5000
2000
600
6626.53
30000
80256.9
2539.88
1000
2500
5925.9
500
2000
3000
1500
151164.86
1021.52
280.14
6000
9717.94
9757.51
1421.57
3006.9
425.16
800
3000
3707
441.66
1000
441
7000
1000
80
57.6
3000
100
35289.19
2004.01
3000
2000
1000
600
2000
10000
480213
1000
2000
700
143745.58
12000
100.06
3000
10647.11
242.1
72.4
350
1000
16759.07
6624.99
5000
70000
5000
100
5000
3000
333.75
7000
204.55
287.5
490
179.01
155
1386.4
171
10000
43187.5
573.21
84.19
1000
1564.11
480
9000
1000
12780
100000
10000
1000
5000
5000
1500
1000
48.25
2500
1000
30000
9000
1000
3000
50
5000
119.42
4000
690.56
5000
1500
400
2136.5
39.88
4273.19
2450
14.8
20650
3499.99
2000
1000
150
222.82
300
5000
2000
3000
12115.75
40000
400
17440.86
2990
30000
1000
1564
11800
220000
40000
3000
690
3000
48.21
100
36515.28
550
10000
108.17
1000
13000
73256.14
2000
290
2000
1500
290
15441.84
500
7276
110.48
487.45
100
500
1500
1000
10000
1400
40000
900
20000
211
2370.15
2000
107.89
8000
5182.2
10000
1521.75
49.86
23.6
23.6
23.6
23.6
23.6
25
23.6
23.6
23.6
23.6
23.6
23.6
23.6
2000
9000
2921.95
2000
129000
30000
450
8990.48
93525.79
1000
800
25000
66404.22
450
580
4000
86368.41
16199.68
300
391.62
1369.38
3626.2
480
1000
300
3000
9180.91
299.53
100
1000
290
7000
111.88
1560
500
160
705.85
1800
5000
1953
1170
6000
112.96
3500
1500
2000
1500
5000
48.51
20000
3000
15000
2000
571.85
5466.85
23.6
23.6
4000
1100
5000
2819.12
5000
130.41
15000
47.76
12511
400
500
1000
700
3000
10000
650
10000
260
2000
1500
7500
1000
47.7
359.48
10000
5000
10000
1000
5000
6000
5000
1000
300
72067.23
3000
491.5
450
5674.29
1600
3000
10000
2000
600
750
2035
500
16761.79
10000
15000
20000
41424.84
10000
2000
355.5
2500
2000
693.29
1158.93
2811.81
8000
3500
2898.1
2550
10000
15000
105461
313.08
20000
1210
5992.15
100000
10000
1500
3500
463
118300
2431.91
1467.52
3000
101.5
500
2000
500
9000
490
1000
1000
9000
3000
1691.5
2983.8
10000
38947.55
47.05
3000
1300
3540
197.53
8901.11
3000
850
25000
1000
3000
47.04
61.06
2000
132
163147.13
1000
7000
810
6000
1000
15000
1000
600
3000
1150
287
9000
1000
7000
3000
80000
2036
3000
400
567.89
914.6
6314
332
3000
1500
200
1500
500
2000
300
458.33
2768.6
8500
23.6
23.6
23.6
23.6
23.6
23.6
23.6
23.6
23.6
23.6
23.6
23.6
23.6
23.6
23.6
23.6
23.6
23.6
23.6
23.6
23.6
23.6
23.6
23.6
23.6
23.6
23.6
23.6
23.6
10000
20000
330
500
500
1000
8000
250
3000
630.58
5000
1000
152097.07
5192.06
10000
2589.28
10000
4650
3500
247.47
720
10000
300
116.71
66.96
680
15000
374.5
2000
1000
1200
9865.93
1000
113.92
501.83
241.5
1064.57
370
4000
5000
150
990
2000
3249.76
10000
757.26
5000
50444.05
1000
700
4000
22750.72
3000
123.86
41185.88
1000
500
200
7500
3000
5000
42
120289.9
2000
17378.99
590
100000
1500
3500
1911.75
1035.51
104.97
2600
50000
250
60000
6896.03
20000
274.1
273.06
300
53.7
2845.29
1500
1200
1763.6
1158
500
876.4
112
465
2500
2500
12000
17867.63
250
23.6
15000
6000
30000
15000
790.79
3000
5000
1007.47
5000
300
11542.12
159.31
497.57
23.6
23.6
23.6
23.6
23.6
23.6
23.6
23.6
1786.37
5000
480
1210
5000
500
850
7000
300
6107.13
13390.28
16323.65
15500
200
1500
15000
5000
41240.36
6000
500
200
2000
82.4
1500
100
1240
13000
1000
383
3000
10000
20000
5000
104
2100
10000
600
8000
23.6
23.6
23.6
23.6
23.6
23.6
23.6
23.6
23.6
23.6
23.6
23.6
23.6
23.6
23.6
23.6
23.6
25000
1000
500
2400
3000
480
2490
80.99
7000
5000
500
289
15000
10000
350
0.01
10000
690
3000
5000
3000
13500
250
50
6500
3000
654.92
3058.04
2330
748.75
700
2000
10000
3000
8250
10000
1200
15000
2735.6
328
5500
10000
9160.56
189.47
2337.5
200
18000
5000
500
143.49
3000
10000
1250
3000
13000
171269.55
286.28
25000
10000
3500
250
3000
1000
25000
510.7
5000
8000
2000
250
1400
5000
700
250
98016.55
62
1000
7535
2000
800
590
35
125.68
15000
6000
7245
15000
10029.14
10000
7000
1659.5
4723.95
10000
6000
2500
10000
8190
23.6
23.6
23.6
23.6
23.6
23.6
23.6
23.6
23.6
23.6
23.6
23.6
23.6
23.6
23.6
23.6
23.6
23.6
23.6
23.6
23.6
23.6
23.6
23.6
23.6
23.6
23.6
23.6
46603.93
50000
228509.33
25000
514.3
500
162
200
290
500
50000
61.43
791
3000
300
5000
2520
3483.52
300
132.39
58
198
5863.57
480
1000
4000
499.82
480
4000
500
117.34
1500
20000
2288.04
218.26
4220.4
3000
7000
3768
5000
256.76
100
250
11210
1650
23991
2160
785
300
576.84
756
1000
72445.32
10000
5000
2800
1250
5308.25
1000
240
5000
200
7146.3
10000
414.1
356.3
6000
5000
8000
3500
1250
3000
9179.61
9000
5000
574070
4000
1000
5000
3000
2750
300
20000
10000
1692.21
7555.43
1500
4000
1000
4500
6000
2549.13
1500
3000
2000
10000
500
3000
5000
2223
913.34
49150.9
49503.36
2614.25
29548.39
384
50000
1500
4000
35000
15000
23.6
23.6
23.6
23.6
23.6
23.6
23.6
23.6
23.6
23.6
24
23.6
23.6
23.6
23.6
23.6
23.6
23.6
7000
50
1147
500
4581.95
870
2000
9700
689.88
226.12
2200
12299.59
5887.38
500
3228.9
500
18163.31
1000
1000
11630.87
20060.51
100
240
7914
900
266.36
2700
2000
2833.44
30000
1500
1000
333.01
20000
23687.64
35658.52
500
5000
500
3800
2000
71991.09
5000
5000
8000
550
18014.35
3000
2000
10000
2000
2616.06
900
800
900
710
235.19
3620
925
1500
12000
500
5000
5000
900
500
344.27
11326.17
17622.83
2500
1500
35613.62
15000
6164.12
500
180
2000
1000
425.65
1500
3500
10000
111.65
650
226.75
3155
5000
5899.89
87012.18
19291.09
5000
2959.34
450
500
5000
5401.2
750
500
500
2000
3000
158.47
399
3000
300
1500
241.05
55000
10000
3064.2
5000
5000
50000
6000
930
1500
5000
500
1547.76
4635.3
1990
800
24
23.6
23.6
23.6
23.6
23.6
23.6
23.6
23.6
23.6
23.6
23.6
23.6
23.6
23.6
23.6
23.6
29070
4000
3000
5000
590
2000
9498.24
13213.96
358
350
88.9
480
3000
2000
2440
3268478
15000
11850
2000
3000
500
5000
5000
1100
1450
1000
2000
503.02
3580
250
5000
217.2
2480
800
2000
2200
4000
5812.61
700
1470
262.38
10682.17
20000
900
8000
10000
400
10000
5000
300
900
287.32
404.09
5000
22220
1195.09
27007.74
1200
1000
3200
10000
1000
600
30000
4108.95
30000
6000
10000
4000
10139.44
3700
90
1500
367
248.93
5000
1464.15
245.05
932.4
225
10000
1000
7461.21
2000
101363.27
72.31
13201.67
20000
3000
500
35000
500
1184.25
150.55
3000
327670.03
10000
500
2900
117
52.43
690
1130
5000
4000
17369.6
57.3
31.51
7611.43
66
23.6
4000
2000
229.97
5000
18023.04
63.69
1544.05
336.67
1000
1000
1210
5000
1679.67
7676.94
9525.5
1000
987.6
23.6
23.6
23.6
23.6
23.6
24
23.6
23.6
30
23.6
23.6
23.6
23.6
23.6
23.6
23.6
23.6
23.6
23.6
23.6
23.6
23.6
23.6
2149
5000
20000
5000
5000
3000
1500
27796.97
5000
5000
113.87
500
5000
390
1732.36
300
400
10000
2236.1
1366
2000
3500
1000
498.6
500
1000
500
6951.12
103000
4000
10000
300
500
7000
260
6000
4274.95
1578.26
33441.29
10000
12006.79
1000
250
395.68
4000
3000
5981.57
5000
1782.28
3000
5261.89
166.01
3000
500
2000
1000
7000
15998.5
5000
2389.22
955.29
1000
670
3000
20000
2000
1500
119.31
2000
2000
411.57
1000
1970
2000
4926.5
5000
222.55
7888.3
2080
19554.15
3000
5000
32.26
2918.38
377
29.9
45900
180
1850
500
1210.69
3000
5000
67.25
750
6000
1500
30000
105538.17
150
1500
2000
4720
24800
84
4082.26
15000
804
38611.96
5000
130.5
15000
1390
3000
1180
2600
5000
50
5000
11500
7815.31
56.4
1634.49
500
134
23.6
1000
398.15
2500
3090
153.5
1000
1800
500
950
10000
150
3775
400
243.5
500
5000
500
3041.17
3500
46853.54
183
5000
3976.4
1500
6294.22
2100
8000
750
500
10000
4380
864.15
300
6430.41
23.6
23.6
23.6
23.6
23.6
23.6
23.6
23.6
23.6
23.6
23.6
23.6
23.6
23.6
48
23.6
23.6
23.6
23.6
23
23.6
23.6
23.6
23.6
23.6
2000
306.4
83.59
4620
20000
500
1250
5000
5000
432.8
6250
1000
420
2000
2000
10000
104.58
4606.17
122.22
5000
500
500
1100
3000
359
62.53
5000
10000
3000
1383.72
800
49.63
1550
7000
5000
1000
3000
901.79
1000
2680.71
2000
1500
2000
1000
490
700
161.85
250
30000
2000
3000
5000
6000
240
116.35
350
3000
300
10000
1000
30000
1400
1000
1500
3702
15000
10000
2000
3769.15
49.53
3000
1500
30000
108.98
5000
5000
3811.13
1000
1000
5000
166.21
10000
3168
650
5013.1
4027.5
20000
93700
1300
2000
205
250
5000
4500
560
2000
1000
45987.3
2125
4000
10000
5000
2000
3100
20000
6781
1500
15000
28469.06
777.43
16010.53
50000
3641.84
3500
5000
97.24
2000
20000
420
1000
2215.85
1000
1000
23.6
23.6
23.6
23.6
23.6
500
63867.96
500
498.16
1303.78
1400
300
1000
3600
10000
250
1500
4720
15000
9399.98
700
16290
10000
13425.48
465.8
10400
157.61
6000
149.99
3000
583.31
12443.73
2500
6000
2700
1200
550
6492.6
3540
5000
3000
3000
1250
1000
800
372.17
24260
59.09
2442.2
10000
1100
730.59
96.65
982.9
1000
4000
3000
8746.6
20000
480
2250
32755.08
1000
15300
5000
1750
5000
2500
5000
850
240
1000
3000
3502.3
5000
2000
700
15000
2000
1000
20122.84
807
457.97
1000
5000
390
900
23.6
23.6
23.6
23.6
23.06
23.6
23.6
23.6
23.6
23.6
23.6
23.6
23.6
1500
1000
5000
2500
18144
700
20000
170
93593.21
5600
1888.22
257.71
823.27
5000
1609.82
204.2
3000
15000
20000
1350
71.62
173.7
3000
550
1020
5000
11528.97
20000
15000
569
500
5000
10000
1000
5000
10000
10000
950
1000
30000
20000
1000
460
200
24
23.6
23.6
23.6
23.6
23.6
23.6
23.6
23.6
23.6
23.6
23.6
23.6
23.6
23.6
23.6
23.6
742
2000
557589.05
5000
169.13
13562.94
3000
770
8150.03
132.76
244
10231.9
6571.5
450
1500
1782.85
1500
500
21321.01
5000
3000
5764.54
50.69
8400
5000
8000
5000
4000
10000
20000
16476.6
3900
8546.25
15953.94
1500
700
250
15000
2500
1500
3276.2
31098
1800
3000
1959
15779.35
500
121.22
800
6136.95
3883.93
5000
1650
2500
15000
300
1000
5000
6384.3
1400
2500
290
10000
200
20000
20000
311.2
3300
500
293.55
300
4150
3500
15000
1929.96
1457.82
7000
102110.61
563.98
640.66
70051.87
30000
300
5000
1000
20000
1200
154.31
100
446.8
3000
5000
680
212.48
1800
92.5
32785.73
9731.45
1000
4500
290
143.2
19334.6
2000
20000
50000
400
5000
1000
1000
23.6
23.6
23.6
23.6
24
24
23.6
23.6
24
23.6
23.6
12000
2790.28
134.86
4000
3942.15
2000
700
2000
50
15000
1100
18326.8
48.4
443.58
8000
1000
4636.49
13000
258.1
490
3499.99
2841.4
6000
5000
9288.55
400
10000
2000
517.5
15000
2989
283
12021.46
20000
300
1200
16981
2516.25
10000
2700
500
157
1000
59.33
1500
5416.73
208.35
2000
1380
100
3000
20080
650
500
1684
10000
250
5000
600
143
2590
97
1500
13730
432
116536.37
5000
1000
45.85
10000
1500
3500
1000
5000
50000
30000
750
2200
2807.55
250
3000
47.65
2000
390
30000
5776.73
10000
564
1150
2000
1000
4632.32
3500
12411.22
10000
50000
1000
400
10000
600
20000
10000
99
38000
9000
7000
1790
1000
3000
2000
300
1200
900
300
11500
452.84
3000
2000
2656.45
200
10000
5000
5000
5628.55
957
5442.75
4070.19
102.68
50.4
500
800
800
11855.12
400
2500
500
5000
23.6
23.6
23.6
23.6
23.6
23.6
23.6
23.6
23.6
23.6
23.6
23.6
23.6
23.6
23.6
23.6
23.6
23.6
23.6
23.6
23.6
23.6
23.6
23.6
23.6
23.6
23.6
23.6
23.6
23.6
450
1150
309.75
10000
47.65
2000
250
8000
205.4
1280.39
5000
3000
5000
319.99
1000
5000
2917.22
1000
4000
1120
600
7000
900
700
10000
6000
90225.54
5542.9
1200
250
5000
3000
12100
2406.97
1000
400
2000
200
1500
189.28
40000
3192.63
99.65
5000
16745
41.6
19590.84
10000
83.97
60.33
1500
1525
100
160.88
903.98
2500
1500
269.5
100000
1000
2370
880
5000
3567.99
650
14453.56
4000
245.5
6881.1
500
2000
1100
59.7
240
68.05
10000
125.06
2000
1130
231.54
350
800
420
740
30000
1500
5000
5835.8
2450
52.92
6041.6
800
480
1000
458.24
2000
7937.33
2433.19
4527.6
7500
2000
200
1568.93
10000
5000
10000
420
27258.81
3000
10000
1000
12000
3000
278.37
2614.27
8000
1719
5000
213.4
20000
6000
1100
500
300
3000
6983.63
15000
1000
5057.69
1000
1500
1000
2000
9000
450
5000
54788.72
60000
48.79
1000
203.71
1000
16845.8
6500
30000
55.75
4000
1500
3000
506
15000
300
4500
5981.4
3500
9000
835.9
2150
2791
1370.9
49.11
10000
500
1500
6594.28
4743.72
10000
23.6
0.23
23.6
23.6
25
23.6
23.6
23.6
23.6
23.6
23.6
23.6
23.6
147.85
7000
418.79
2000
150.5
900
2000
5000
300
100
240
5000
800
1000
2000
3000
30000
55
82.73
2000
8538.03
7000
2000
500
23600.95
1500
57610
3000
300
3730
2000
3000
153.63
5000
10000
700
5500
800
6435.69
300
63403.93
911.77
3950
0.07
4000
100000
1500
3000
5000
300
500
1000
3000
2600
690
12750.08
15700
500
30
20000
23.6
23.6
23.6
23.6
23.6
23.6
23.6
23.6
24
23.6
23.6
23.6
250
13000
10000
19000
20000
2500
33743.11
7140.2
1000
5000
1967.85
4000
2000
9252.85
200
1000
10000
1022.81
357.83
2536.6
500
96602.8
850
11530.03
10000
7000
422752.5
600
115
1083.99
112.69
10000
2000
2172.63
500
5000
12000
115.11
1000
771.24
30000
12000
1210
10000
100
994.1
800
3000
12965.84
5000
3000
2100
20000
20000
2517.7
3000
8122
2000
200
4000
10000
20000
5000
4000
5820
1400
4000
350.3
5000
1000
1500
7001.15
450
1587.19
2650
5400
12090.17
1494.79
1500
1846.5
3000
2000
1339.85
29747.62
1000
1000
7000
600
1000
500
1000
7500
41.1
4800
5000
410.04
3332.6
800
2600
1000
500
11805.6
10000
7417
101.62
278.58
299.5
1300
23.6
23.6
23.6
23.6
23.6
23.6
23.6
23.6
23.6
23.6
23.6
23.6
23.6
23.6
23.6
100
10000
1174.12
97.23
5000
7447.63
10000
1000
53.2
10000
23.6
23.6
23.6
23.6
23.6
23.6
23.6
23.6
23.6
23.6
5000
4172.85
276
10000
1100
8171.72
19375.2
56.32
30000
21524
255.58
3000
1500
4500
4980
600
49.96
350
4831.97
1000
300
15000
3900
545.6
450
13357.21
3000
1150
5000
300
62.83
10000
10000
1000
1503.36
4175
4419.96
450
2000
30000
5000
4000
1000
2000
13545.69
3000
4000
729460.6
1500
500
300
300
134.95
3000
8426.15
500
1000
670
3000
500
212.5
79.65
600
2000
2000
4776
72.58
15000
1000
15823.27
829.05
100970.08
375.44
4376
1500
25000
2233.94
17000
100
17000
5891.39
2000
5128.21
75.8
1250
85.9
1590
5063.96
8000
75
200
2190.76
10000
4000
4000
3900
17576.97
200
1000
8000
4615.34
500
10000
3000
19804.43
4313.3
100.86
1000
131952.48
1500
1000
7.25
114.83
1760.99
90.17
3968.47
2000
4400
18341.83
11020
420
200
1566
23.6
23.6
24
23.6
23.6
23.6
23.6
23.6
23.6
23.6
23.6
23.6
4852.08
714.26
2462.5
186.9
1500
30048.96
400
8000
1000
7583.67
7000
5000
1000
5310
800
1000
26931.51
2000
705
300
20000
6922
1300
490.1
16436.72
600
22274.21
2500
7575.48
23.6
23.6
23.6
23.6
23.6
23.6
23.6
23.6
23.6
23.6
23.6
23.6
23.6
23.6
23.6
23.6
23.6
23.6
11850.49
250
3000
1033.44
370
30000
357.2
1000
300
6000
150.98
5000
482.51
10000
550
39737.31
20000
143.14
2000
20735.52
25000
4000
2000
2175.68
10000
690
50000
3000
500
2500
127.5
600
60
22505.48
35.54
12000
5000
20000
5000
27000
2000
171.44
21917.12
200
7272
2500
3694.8
282
2710.73
250
1000
5500
7000
3500
500
1000
4230
5000
600
1000
106.82
286966
8500
546.39
3000
1000
2000
5000
7000
1000
14.74
5000
1675
4269
400
2000
629
205.01
100
15834.54
1000
2951.75
10000
1474.3
1000
550
48500
1000
117.21
4000
1000
32804.46
5000
3000
263.45
5000
3000
850
2000
3000
6497.4
5000
6321.34
66.65
1000
250
3102.39
350
45.25
185.48
5000
615.02
3000
8000
4099.59
500
1000
4100
2000
3000
1000
4485.81
24
23.6
23.6
23.6
23.6
23.6
23.6
23.6
23.6
23.6
23.6
23.6
23.6
23.6
23.6
23.6
23.6
24246.77
7073
3000
12793.39
342.97
5000
2000
1950
1000
6000
300
30000
1100
3000
728.01
5000
15000
830
5000
300
20000
55000
13957.52
25000
2500
10000
1000
500
1000
1751.3
320
30000
1000
947.66
2031.19
605.34
4582
193
63.16
20000
5000
10000
2500
5000
300
10000
230
2000
1261.6
2277.06
5000
250
1650
2000
1349
50
758.03
3170
47896.97
5000
3000
4679.2
48.5
5000
2000
3000
1308.02
1600
6000
2500
1000
30
7246
600
2382.92
10000
10000
11917.02
10000
10000
12198.35
4000
401479
500
1000
949.95
219.85
2800
4739.4
5000
10000
113.23
5000
4000
380
700
500
3080.38
1500
632.17
18507.17
23.6
23.6
23.6
24
23.6
23.6
23.6
23.6
23.6
23.6
23.6
23.6
23.6
23.6
23.6
23.6
23.6
23.6
10000
10254.7
193
30000
130.69
247.1
34628.14
10009
1600
3700
750
74
3000
5000
50
490
20000
3000
400
10000
30000
1800
1000
3600
3000
5000
648.68
2000
5000
2000
1500
800
5771.59
1100
84.65
15000
4500
360
7000
2580
500
700
300
500
93.64
3000
1000
5000
1000
32699.73
3000
304.83
73.55
1300
200.03
1000
15000
8000
1000
1407.99
17076.5
419.33
139.78
5000
2797.94
2000
700
120
353
1500
4000
6000
227
2000
3232.2
10000
10037.19
600
1000
13680
1000
1500
10000
1500
2500
863.75
2000
600
1700
690
10
3757.25
2400
30000
166.33
3000
720
3000
20000
5932
23.6
700
95.02
550
10000
1800
3772.78
3000
10000
2015.42
1000
5200
100552.6
26838.15
235
1849.6
56.74
2000
20000
3000
5000
7648.53
1680.43
850
1050
15000
23.6
23.6
23.6
23.6
23.6
23.6
23.6
23.6
23.6
23.6
45.56
300
15000
34040.47
10000
98.66
3000
6000
14543.36
400
932.19
1000
151780
10000
300
6570.91
20000
200
106.5
15000
15000
1600
750
105.17
1000
5000
1200
20000
3000
41241.61
8000
8000
10000
10000
1700
1650
10000
25
5000
20000
1100
3941.99
3000
464
5542.3
23.6
23.6
23.6
23.6
23.6
23.6
23.6
23.6
5500
300
3750.6
10000
10000
1000
1150
10000
2077.24
7000
213.66
1000
226.2
5000
1835
5000
1000
2223.25
83
30000
6227
3000
10000
300
1191.46
1207.15
15988.96
3097.21
10000
3368.75
25000
114.39
25000
70000
300
901.6
1250
1685.2
240.83
30000
12000
20000
15000
550
1500
5014.9
3000
30000
8500
2000
29204.38
1000
13300
2000
950
314.79
49
1500
703.5
400
1061.8
1000
3424.79
2000
4000
4000
5000
22213.6
1000
91.5
3928.35
2423.37
548.37
750
1000
40376.26
63.92
4000
2000
800
2000
45401.42
320.92
5000
1049.24
1000
350
23.6
24
23.6
24
23.6
23.6
23.6
23.6
23.6
23.6
23.6
23.6
23.6
24
23.6
23.6
23.6
8284.26
10000
7857.25
385
5000
15000
15002.95
2612.26
8000
1250
15000
1500
500
5000
1024.91
803
3000
3000
600
11484.46
107.04
3000
18589.72
550
350
20000
1500
3000
10000
1500
88.22
1000
650.06
2000
400
5171.37
1000
5000
2000
1000
10000
6000
1000
12000
1200
20000
9000
5000
149.12
11000
50.75
700
1000
5000
5000
10000
2361.85
500
20000
5435.69
3719.11
720
1000
3000
290
2500
1600
6000
700
2231.55
550
1400
12000
174.83
300
5000
15000
5000
3000
338
248.95
42124.25
10000
710
3000
7.8
5000
3000
2600
2124.54
349.63
49.24
30000
10000
87662.66
383.9
400
10221.69
5000
1500
1304.46
1000
2000
207.51
2500
17760.82
2460
2500
127.12
2000
5383.24
480
1000
310303
300
10000
1000
800
8000
2000
4000
4850
1329.3
560
500
244.2
2000
10000
5500
800
1500
1160
600
4000
13636.76
1250
195.98
1118.8
328.39
38435.22
2070
1400
350
2000
300.31
349.2
2600
300
5000
5030.07
3.4
815
13000
600
5000
23.6
23.6
23.6
3275321
5000
5000
5000
4197.99
1500
5000
2340
5000
2000
1347.12
500
20000
1000
5000
10000
58
5000
5000
12756.26
20000
50
5000
800
17633.03
780
372
400
500
1000
1000
2000
600
2000
28392.69
11449.44
1000
5000
30
200
2500
623.55
2500
10000
3000
480
143.69
7599.44
1490.81
1857.6
800
4000
3760
5000
1200
250
10000
248.87
5000
5000
13000
1000
2600
1000
3000
10000
2271.88
49.46
1000.5
10000
10000
3000
200
500
40000
1500
3400
26369.5
23.6
23.6
23.6
23.6
23.6
23.6
23.6
23.6
23.6
23.6
23.6
23.6
23.6
1500
1800
17183.91
937.99
2100
500
57.5
1800
1000
5850
2000
2900
1748.56
5000
4000
20000
1000
400
194.48
20000
10000
560
2000
10000
11000
500
5000
1000
467.5
480
47682.25
3000
204.13
500
5000
12420
980
11507.76
2000
3500
4000
5000
5000
3000
51001.95
5000
900
1000
200
278
164.52
3000
112.34
21485.8
8000
3000
4312.06
1100
1188.19
1680
218
1000
163.35
5394
500
800
30000
5000
5000
250
300
9000
500
15841.07
350
590
1080.35
148.19
1000
20000
10000
1149.1
1500
195.71
3050
480
30
287.44
10000
10000
1710.71
496.1
5000
446.3
5000
3400
58.2
2000
25000
2000
226.71
1000
86.09
2300
2000
10000
50000
5000
27000
3000
5000
23.6
23.6
23.6
23.6
23.6
23.6
25
23.6
23.6
23.6
23.6
23.6
23.6
10000
400
2225.36
1564
472.5
47.44
590
3000
10000
1000
2000
353
5000
10000
2000
26156.55
2000
1028.58
10000
690
114.79
10000
3000
5000
22180.34
100000
2598.44
10372.69
15000
2000
240
620
1150
2000
826.59
250
5000
1000
2000
4000
2732.7
179.37
5000
20000
7400
48.6
2000
2400
457.2
240
3000
2800
865.9
490
615.32
700
2500
590
250
2924.87
2000
7907.15
8260
2686.7
250
231.5
10000
1000
1000
900
3000
250
12000
2295
1000
161128.51
1026
450
22220.54
2034.85
10000
1950
500
102000.62
2688.8
2000
9440.5
3135.61
1000
103.92
1000
2000
472.5
500
300
18092.8
30000
2000
3000
22575.94
2500
1000
5000
21122
1147.5
1220
7442.56
1500
56.99
20000
3500
9580
520
176.98
5000
450
50000
900
650
5000
10936.27
57.3
1000
18950
23.6
23.6
23.6
23.6
23.6
23.6
23.6
23.6
23.6
23.6
24
23.6
23.6
23.6
23.6
23.6
23.6
24
23.6
23.6
23.6
23.6
4600
230
2500
1000
22606.84
1300
5000
500
800
73.71
1800
800
30
4000
1500
10000
1000
20000
10000
690
1000
300
2000
3813.99
3974
3000
590
183.21
3252.08
10000
480
3000
1000
50000
181.96
2871.51
5000
50000
1000
4473.5
23.6
23.6
23.6
23.6
23.6
23.6
23.6
23.6
23.6
23.6
23.6
23.6
23.6
23.6
23.6
1500
4631.89
1000
1000
66.8
10000
7000
10658.42
6000
1155489
5200
56.9
3000
400
31131.87
5000
1000
5840.84
100.04
500
3000
10000
300
408.25
4000
2026.09
3257.82
13077.06
8000
8250
10950.92
2000
3000
4408.76
300
520
650
1050
2670
4634.64
100
1000
3000
10000
469
800
3200
16539.09
1500
1000
3000
1000
2000
1000
700
1000
700
220.74
4977.07
500
2000
23.6
23.6
23.6
23.6
23.6
23.6
24
23.6
3000
2000
3000
3359.54
500
510
87.51
243
3200
2500
29818.85
1000
1000
1600
300
1589.27
580
451
500
164.56
40.3
700
2070
216.2
203.05
300
250
10000
5651.93
2000
2000
30
5000
10000
3000
6409.19
7950.44
4000
700
5000
1500
1800
47.31
1500
500
3000
2972.54
22000
1000
1000
1500
1000
1500
5000
18246.19
3000
10000
348.5
150
910
15000
4000
77.29
350
14594.12
300
3000
1600
1000
349.44
306.29
3000
6000
2173.74
64.62
1000
9927.37
5000
5000
590
500
1080
4293.71
164.77
3000
5000
6000
357.5
195692
1600
409.45
14097.93
301.6
2000
900
1500
23.6
1000
2000
3861.68
1700
1180
5000
3500
3900
3000
54.54
7000
7000
8000
57.76
2000
10000
129.38
12510
3000
235.05
2000
3000
391.55
1450
5000
2756.91
1200
1500
14.7
2050
500
200
3000
1000
5103.21
10000
250
5000
1000
101.14
13103.1
182.23
8000
550
250
1000
2500
300
3000
600
1440
7000
740
1000
8000
50000
206
678.79
15000
350
1300
1600.97
1000
2000
2000
300
890
1500
6719.4
3000
2996
350
1920
2000
12005.57
1732.23
3000
1750
5000
10000
454.3
1500
11250
1000
10000
15000
6151.58
500
2000
4000
15000
500
841.61
2000
499
3000
1500
500
10000
2000
500
379.67
23.6
23.6
23.6
6646.36
25.2
9140
5000
590
60000
2000
417
2000
128.55
40000
10000
212.76
5000
6000
11413.01
600
10000
3000
5000
5000
550
88.34
21000
100000
5000
532.8
1294.55
10000
5000
221.58
10000
201.5
4000
1000
2000
4000
2000
22799.52
7094.98
21883.58
1600
1210
50000
300
3000
1300
200
3489.8
6000
5000
35000
400
2000
20210
99998
3185.19
14826.17
10495.49
400
4368
420
700
129.21
1179.3
2100
14525.31
23.6
23.6
23.6
23.6
23.6
23.6
23.6
23.6
23.6
23.6
23.6
23.6
23.6
23.6
23.6
23.6
23.6
23.6
23.6
5889.55
1058.4
2800
169
5200
5110.69
480
3000
1380
3609.95
5000
250
2067.47
300
1000
5000
1500
340
10000
10000
57009.9
5054.15
3318.39
2900
2500
4700
288.99
3000
2490
9618
1400
164.5
18325.12
780
390
3000
50000
5841.54
2500
336.05
5000
4000
300
96611
3000
1000
2000
52.16
500
10000
34467.72
16721.07
9000
13500
11273.15
4616.81
200
7000
1000
7000
3000
1000
174.13
10000
1000
2000
21807.8
8591.17
800
1040
5000
300
2300
1000
390
50000
690
20000
3670.52
308.44
44730.38
6203.4
82.54
400
5000
13423.16
96.2
1163489
750
10000
5000
950
66
50.88
50698.17
3000
3000
2089.16
5815
10000
62
7100
2000
991.23
2000
10000
10400
2286
25000
4170.87
250
15000
50
2993.03
8796.32
70
5000
20000
222.97
500
2000
3290.25
115.63
8750
4000
2400
698.13
6474.65
7000
251
10000
10000
306
1000
300
2000
1000
3930.87
6653.23
10000
5000
5201.6
3000
900
371
5000
10000
4474.96
500
3000
5000
400
49089.86
596.07
500
1400
159.8
250
990
20000
3000
500
200
10000
300514.7
500
1000
1000
3000
73.84
6042
7000
1000
3000
1000
619.49
5698.33
2605.49
5000
2500
750
23.6
23.6
23.6
23.6
23.6
23.6
23.6
23.6
2164.31
5000
3000
200
6000
490.08
20087.86
27254.59
3200
3530.3
393.3
2000
1262.5
125.41
6000
1144.26
347.87
25000
3000
390
1000
3000
125
300
500
1000
1000
800
3000
10502.89
5000
5000
5000
600
7496.51
12000
1733.3
48.39
10000
3858.16
6622
1000
168
45000
203.49
20000
2900
20000
116.57
8000
650
469
790
72832.36
690
2172.45
3000
3625.91
48.93
690
751.74
9045.1
3000
3312.65
10400
1047.65
1000
500
20000
2800
500
5000
1200
15000
83.69
6000
5000
10492.9
23000
150000
15000
1000
500
1579.55
1404.7
1500
2000
2465.64
2541.45
500
1570
250
2000
5000
3000
1000
3000
7853.5
20910
1824.85
320
3465
1250
5600
1500
500
192
2544.06
851
15000
35000
10000
6000
61.13
5000
2000
1530
40000
48050
450
60.6
10000
202
31474.12
47.31
41243.13
2500
1590.08
13404.97
321970.1
280
3600
14664.46
66.3
554.2
1000
3203.9
280.01
500
550
30000
1050
4160
2536.91
500
224.21
1574.76
3200
3943.25
1339.81
10000
4000
12950
78.86
4000
200
500
1500
487.5
110.67
30000
1000
700
3000
3000
1245.4
1500
8015.13
1000
800
2024
52362.09
357.8
422.64
2000
7200
1800
6500
1000
71.08
1000
6000
25693.89
21009.84
1204
3779.98
920.98
650
7900
600
1650
23.6
23.6
23.6
23.6
23.6
23.6
23.6
23.6
23.6
23.6
23.6
221.88
100
3000
3000
729648
2000
50
2000
15000
5000
830.21
500
1000
10000
2000
10000
500
4110.88
275.08
20501.21
3000
2500
300
244.5
676.18
10000
8000
58.35
14389.5
500
2000
5211.29
4500
48.47
26551.98
3223
3113
3000
226.4
10502
122.69
546.05
10000
425
1910
7000
200
40000
1500
4000
300
1000
5000
400
99.82
1200
2000
10000
440
15000
5000
250
2000
30000
1200
1500
4000
5000
1000
267
100
58618
23.6
23.6
23.6
23.6
23.6
24
23.6
23.6
24
100
20543.98
1500
1500
5000
66594.79
10000
30000
2000
1000
3000
10000
3000
799.62
229.33
5000
1490
30000
5000
122.26
1800
900
1000
2000
16350.82
1000
300
1719
490.23
5000
7039.13
1000
300
15000
5006.48
13300
5000
550
2300
200
6000
600
5000
781.61
959
9000
2500
379
2000
11618.49
10000
500
3398.27
1000
4000
300
900
5000
174.19
3000
500
755.7
340
10306.54
250
10654.91
2000
88.5
10600
3000
1300
1225
20000
6082
30
338.56
5.5
20345.07
1000
1777.57
16012.05
4800
1000
45000
50.38
26684.46
10000
40277.98
1000
6000
3500
5900
84684.44
19012.5
4882.29
2830
30000
1200
5000
8000
545.63
68.35
2000
2000
3000
3000
3500
500
3000
3000
175.23
3000
46.56
2500
5000
546.91
75.5
2100
3000
5000
2157.37
1500
69.29
2500
10672.61
3000
50
6000
3000
1140.94
2100
8380
3150
900
15000
9006
3000
106.63
23.6
23.6
23.6
23.6
23.6
23.6
23.6
23.6
23.6
23.6
23.6
23.6
23.6
23.6
23.6
24
24
23.6
23.6
23.6
23.6
5500
1500
4763.18
1800
2000
6008.8
500
2000
750
2000
650
10000
7500
910
1500
184.47
5000
228
6000
5000
50000
5233.24
49.56
3000
10520.28
22195.05
5000
5000
2000
5000
10000
320
400
500
2000
116.89
2635.33
30000
5170.35
978
1000
5635.75
1500
250
1000
5064.45
5619.9
219.1
700
3000
15000
2194
1.61
100
5109.66
4854.3
500
4000
500
19660
20000
30000
500
1000
23.6
23.6
23.6
23.6
23.6
23.6
23.6
23.6
23.6
23.6
23.6
450
1250
2263.45
3000
240
24300
2000
2000
12000
500
2000
2000
1000
4550
8000
2500
5000
3000
500
8463.23
1000
9141.7
171537.41
2000
542
3000
1000
5000
7500
5000
3963.1
5000
2000
1850
2000
33112.99
117.94
37400
1500
2800
2000
368
6500
2328.34
5000
1000
100
15000
145.4
6326.65
6000
300
1150
20000
14345.12
10000
2000
3000
2000
6500
3450
1000
2000
1000
153.52
1000
5500
6000
10000
10000
30061.51
1000
4000
2000
5000
24649.23
2000
119.56
1400
240
287
10000
4000
2229.82
17254.93
500
3300
2000
10000
2000
6582.81
200.71
7000
1007.6
213.12
600
1000
250
300
1650
1452
930
1000
5000
1000
1400
117.26
258.66
2105.09
591.35
5000
10000
197.87
4350
5463.02
327
5000
500
339.99
5000
397.17
947.06
54000
53.45
2000
6821
5000
23.6
23.6
23.6
23.6
23.6
23.6
23.6
23.6
23.6
23.6
23.6
23.6
23.6
23.6
23.6
23.6
23.6
4000
3000
30000
3000
366.13
10000
377
2000
7819.6
340
1250
1500
13531.08
42.3
200
4000
321.33
4453.73
5000
168.5
10000
10000
8000
241.13
7500
1000
2000
300
1316
200
500
36207.75
10954.85
1000
91956.5
920
259.74
1000
4000
1500
452.85
10000
2663.9
1000
1500
1500
45.6
5000
245.88
1000
11419.82
250
1450
8000
700
150
5000
109.59
500
100000
320
31832.68
5000
12000
57688.6
15000
200
100
1000
1605
9709.57
1000
3000
5000
550
102000
36848.93
1939.37
550
500
5000
15000
100000
229.97
10000
500
169.43
2050
522.8
300
1200
1111.21
2500
127.68
550
1500
7000
20000
1000
5000
3000
7000
2500
400
5000
1090.31
1000
625
100221.14
3500
2500
5000
500
6015
6000
1530
1000
290
7137.54
9850.33
5962.41
500
1
5000
1200
3595.99
5000
300
296
200
1000
519.35
300
10000
40000
900
156
4855.5
13930.27
100
313.94
20100
300
5000
1000
165.3
35404.95
400
10000
25000
16807.99
2500
47.85
3000
1127.43
500
44
23.6
24
23.6
23.6
23.6
23.6
23.6
23.6
23.6
23.6
23.6
23.6
23.6
23.6
23.6
23.6
23.6
23.6
23.6
23.6
3000
2000
800
20000
1000
6800
2000
6437.68
40000
152
10000
794.38
15000
2000
1700
1000
3500
1600
5000
3625.22
3000
4200
500
14391.86
1900
250
112.33
1100
112.1
1500
2281.66
6000
200
10000
70000
29856.41
2000
6750
3856.7
293
6000
100
3000
353
8372.43
2000
435.47
401496
15000
7460.36
229.99
800
690
4000
255
2565
690
40000
250
255.06
20000
3575.97
3500
1358.38
4495.03
1000
8000
15000
5000
2123.1
3968.03
2720.3
1164.9
300
10905.61
2700
1000
300
20000
10000
10000
12705.9
1000
350
300
699.2
1943
200
77.5
500
2174.75
2856.84
690
7000
7000
2700
729381.4
945.15
690
15000
5975.6
426
15000
4477
420
2000
5000
10000
7600.22
13839.19
2319.8
2500
83714.8
5000
3000
1815.12
2500
500.4
3500
200
2304
80000
1564.42
500
157524.93
4199.64
370
147.81
7636.69
2000
1474.05
420
12500
2879.33
50000
50000
3000
50
10000
2000
2310.75
1000
650
1500
300
10000
4000
323.45
2000
47.94
0.34
400
181.53
7603.1
23.6
23.6
23.6
23.6
23.6
23.6
23.6
23.6
23.6
23.6
23.6
23.6
23.6
23.6
23.6
23.6
23.6
23.6
23.6
23.6
23.6
23.6
3000
150
1500
240
1011.9
41518.9
18810
500
2000
10000
390
1415.92
1500
10000
3900
2500
1870
385.57
4000
5000
2157
21.08
2200
25000
5000
1616.34
420
5000
10000
1000
1000
600
57.59
4000
850
1500
20000
1009.3
338.37
7000
3000
5000
222.1
1000
2000
20000
88.18
5000
1000
2090
200
341.5
9188.62
5000
1000
1680
1000
154.13
22660
2854.42
295
4216.43
100
101.25
7605.01
4486.66
1500
5000
15000
3000
812.91
56.77
62.08
170
2000
10000
2000
104.5
50000
3000
555.3
500
4850
2091.8
10000
680
191.24
2500
1130
1000
95.17
1000
20000
4500
12000
20000
10000
71
1000
23.6
23.6
23.6
23.6
23.6
23.6
23.6
23.6
23.6
23.6
23.6
23.6
23.6
23.6
23.6
23.6
23.6
23.6
23.6
23.6
23.6
23.6
23.6
550
850
151.02
700
2500
174.03
2000
5300
2000
10000
3318.37
1500
36648
16450
5515.66
1951.4
350
1000
10000
2211.64
900
800
3693.48
494.9
10000
4
1000
4217.81
5000
2000
5000
500
3000
20000
980
30000
4000
3352.7
23.6
3000
4000
588.73
2000
3000
5000
115.66
100
513.63
4903.25
1680
1480
500
3799.35
21894.76
8400
9835
10000
50
2000
3000
49.38
4000
640.35
5000
15000
1440.14
1000
1000
750
20000
600
55.83
25000
1350
877.24
22271.1
109.72
1010.84
600
250
4000
2000
8052.96
15000
23838.71
48.09
1500
1101.01
250
5000
102223.09
840.77
220.5
850
1000
15000
10000
850
3000
26901.39
4000
118.96
2000
2000
5000
5000
153
2500
500
1047.4
142776.71
5000
2500
566802
9000
6000
2000
5000
5000
3000
268
5000
23.6
23.6
23.6
23.6
23.6
23.6
23.6
23.6
23.6
30
23.6
24
23.6
23.6
23.6
23.6
10000
5000
800
2700
10000
500
321544.26
700
12000
222.4
1500
700
2000
2000
30000
218.22
3466.53
8598.45
160
1000
30000
3000
1000
600
233.42
20000
288.27
1500
3000
3500
5000
7700
15000
5000
10000
1000
10000
496
390
20000
197
1000
144
2604.01
520
250
3000
2437.8
50000
690
600
590
500
3000
1000
850
20000
6000
5000
3000
182.39
300
5253.73
3937.34
8100
46768.18
2000
400
2000
4137.04
300
14913.41
1176.1
10000
314.93
3000
498.25
2400
1200
3030
1800
5000
1719
160
3000
12000
896.32
2200
400
1900
2908
4400
300
1000
2055
82.49
7000
2000
659.1
50
3691.28
23.6
23.6
23.6
23.6
23.6
23.6
23.6
23.6
23.6
23.6
23.6
23.6
23.6
23.6
23.6
23.6
23.6
701
500
2000
20041
2600
1000
23010.85
690
10000
5000
164.89
253.63
280
10000
1500
6000
1500
300
537
20000
800
10034
34043.04
500
1000
39.11
25000
3000
30000
1000
70.18
1000
3
7000
3560
30000
3210.33
10000
1000
3036.13
103.88
1500
76.79
723
2000
9144.08
400
1900
10000
1000
1000
160.4
3000
465.11
21081.94
3000
6000
4000
1370
300
47139.44
13192.9
9.68
3500
5000
3000
1500
5000
2000
3300
1830
500
13500
500
12000
3000
450
4000
20000
24
23.6
23.6
23.6
23.6
23.6
23.6
23.6
23.6
23.6
23.6
24
23.6
23.6
23.6
23.6
23.6
23.6
319.5
3000
5988.6
5000
2863
1000
151.5
40000
21878.69
6000
5000
5000
881.06
900
4340.06
350
10000
1600
500
2383.39
93000
3056.3
1000
7000
99.84
290.5
2000
107.56
3000
670
5000
3500
1163906
1
1500
7000
5000
15000
8460.68
10000
13569.55
12661.74
2832.46
57.02
443.25
4408.6
1200
700
60.78
64.66
5000
850
10000
700
1100
500
1000
2000
712.25
3000
2049.53
853.12
194.83
4000
10000
508.95
390
1000
2800
2137.3
1000
2901.3
850
1000
1000
10000
49.68
1000
3500
3500
205.61
111.11
9750
3150
4695
9000
195.4
17928.86
2000
3835
2000
682
7500
219.68
10000
832.35
20000
590
10000
1500
46.61
500
67.01
2892.84
650
3000
620
1648.5
800
3000
527.62
670.43
1000
1000
8000
663.47
84.18
68.74
40582.12
6000
3633
12500
850
800
2512.57
23.6
250
10497.5
5000
15000
2400
1500
56.58
15000
3000
5000
2079.63
7517.2
250
2000
193.55
46003.16
1491.02
5000
1000
5000
8709.33
50000
148.7
1000
5000
30000
5000
1343.35
3000
6582.93
10000
209980.17
900
18294.14
3000
290
5570
169.25
2000
5000
150
3000
1500
12000
433.18
700.77
20000
210
500
959.31
600
600
5000
5000
5000
5000
174.01
44611.19
1268.86
10000
23.6
23.6
23.6
23.6
23.6
23.6
23.6
23.6
23.6
23.6
1000
2000
1000
290
50000
10000
3000
3300
5000
100
1951.52
1540.45
105.95
13429.84
300
500
1000
193
5000
600
3500
23.6
23.6
23.6
23.6
23.6
23.6
23.6
23.6
23.6
23.6
23.6
23.6
23.6
23.6
23.6
23.6
23.6
190
110.28
50
500
27615.86
290
6000
15000
240
320
5089.75
92
720
900
18737.13
2398.74
30
50000
2000
5000
3500
3.57
5332.36
4500
1020
113.92
899.01
46.98
88.9
5506.99
5000
18500
600
710.54
159.82
5765.26
400
500
3500
300
2000
3640.43
299
5000
1000
3000
2557.39
5000
6000
3000
350
7000
590000
5560.94
1500
397.3
47.89
4873.75
1380
5000
1986.3
500
1500
20000
40000
88
500
290
1200
1350
400
3500
950
3000
1000
1500
5000
23.6
23.6
24
23.6
23.6
23.6
23.6
23.6
23.6
23.6
23.6
23.6
23.6
23.6
23.6
23.6
23.6
2300
93.41
1062.29
500
3000
300
500
1150
890
3000
12000
293.39
700
1250
6000
2398.37
5527.3
400
350
6000
660
4165.4
2816.74
5000
1302.5
11000
1502
3000
2000
10000
480
20000
2100
2000.01
1000
4500
5929.92
47.25
2000
590
1450
1000
1400
2000
5200
221.24
11000
2150
5298.9
300
200
1048.03
1480
15000
1500
15000
401486
1200
10000
700
500
295.21
1000
3950
1400
190
11664.66
4000
2000
2000
2500
1648.5
1500
8000
3000
387.63
101.5
1000
5000
3000
12244.19
2000
1806
336.4
2000
389.83
250
605.3
3000
2819.67
2500
650
6185.55
417.37
240
10000
1000
211.95
31551.96
9998.15
500
5500
25000
10000
190.8
347.25
10000
345.35
8778.03
5524.01
5000
300
6600
47.38
10000
118
1140
7000
1000
7000
5000
3500
13000
2000
2000
3000
2000
550
500
22378.93
5400
1600
3000
5000
16042.96
19789.9
2112.95
3792.06
2000
22722.53
121.1
15000
10000
250
5000
2000
290
72.69
1185
10000
5483.6
500
700
6490
1000
356
30000
3096
100
50
69148.39
535.11
1000
10000
337.91
500
5000
296.05
196
750
1800
13871.55
171.25
23.6
23.6
23.6
24
23.6
23.6
23.6
23.6
23.6
23.6
85
23.6
23.6
3200
5000
2000
63.45
11283.6
20000
1000
10000
200
6000
3700
2000
50
192.14
35060.96
100
2000
2007.04
3000
9940.11
2000
7000
1000
420
3000
134.64
3000
9520.27
7000
1300
6900
5203.9
7798
7103.2
3000
18279.19
10000
1000
1160
950
1000
63.13
6500
64555.93
1948.72
1000
700
900
45000
240
4500
15000
6600
6000
1000
193.6
5600
3000
5000
1500
2000
1500
586.13
2600
2000
1000
2600
3000
1500
500
150.01
1502
3840
3000
22489.69
420
2000
3739.5
1000
10000
1000
169.34
3000
59.3
5000
1700
3000
883.1
600
4000
4000
21868.43
8154.2
53
1000
1500
5000
1200
85492.99
450
606
455
2202.5
59.7
25000
700
5000
1000
3000
5000
3000
1000
4500
1600
14415.06
1091
15000
5000
300
3000
5000
290
3721.64
100
25000
6000
730
999.17
1500
12288.24
1300
4000
600
5000
1300
20000
1000
380.48
3000
390
7817.8
450
200
500
910
1000
900
2000
15000
101.17
23.6
23.6
23.6
23.6
23.6
23.6
23.6
23.6
23.6
23.6
23.6
23.6
23.6
23.6
23.6
23.6
23.6
23.6
23.6
7255.9
2927.8
30000
500
4000
246.5
6605.25
45.06
396.37
500
2000
650
3000
500
33250
3170
1500
2000
5000
8400
2000
30000
4870.97
100
3000
700
343.28
10562.25
500
2000
223.16
8320.42
700
4000
3000
3500
6963
5000
3500
480.82
379.96
1192.97
1283.6
25000
6715.01
8750
3000
25826.73
219.55
2000
3000
23600
7000
650
354.48
130.25
5000
8920.59
3000
126.9
30000
5000
203.13
1.61
4000
9150.09
4000
21054.58
1147.5
20000
1535.76
6000
5000
2000
25000
10000
350
4000
2000
1900
20000
5775.22
60000
7000
15000
2029.15
500
35400
18674.08
250
3862.32
1667
750
3000
5000
3252.78
4700
7000
390
2000
1000
1000
500
7734.63
15000
11890
10000
1000
64.75
1000
1000
339.76
4000
50000
130
2326.18
7000
4000
300
2500
1580
121.49
500
10000
7000
21000
6000
3000
1100
1000
4200
139
160
2020
23.6
23.6
23.6
23.6
23.6
23.6
23.6
23.6
23.6
23.6
23.6
23.6
23.6
23.6
23.6
23.6
23.6
23.6
23.6
23.6
1800
13955.41
2489
1000
2000
100000
800
1484.99
10000
837.69
2000
200
500
3000
10000
1000
5000
18167.53
2000
2000
30000
3000
10000
10000
5000
5000
1500
2000
203
25000
5000
171.13
100
3500
66504.6
1500
1500
13394.42
10000
195.46
390
2000
3500
1760
293.7
5000
4800
1000
300
19711.14
10000
24
23.6
23.6
23.6
23.6
23.6
24
23.6
23.6
23.6
23.6
23.6
23.6
24
23.6
23.6
23.6
23.6
23.6
550
2513.7
550
3058.22
15000
1500
2000
2000
1400
7903.27
14113.6
599.22
30703
92.55
1160
7000
480
99.7
10000
176.5
3000
4000
20000
176.57
5000
500
1000
200
5000
1650
3000
900
500
3923.65
250
10000
2207.26
5403.99
340
10000
390.08
1200
2000
1000
4469.48
1100
17000
1576.99
15000
3000
1000
1000
4000
2500.09
3000
5026.1
2800
7000
50
1000
15000
3103.14
400
600
3000
174
3856.28
49.15
1000
220.9
400
5000
50
6000
15000
500
4505.58
1600.49
30000
650
1830
49747.07
1200
1694.72
11063.7
35820
100
101.5
450
300
1000
10000
290
6000
3.23
900
6649.01
55246.28
1700
2499.53
1000
51.62
23.6
23.6
23.6
23.6
23.6
23.6
23.6
23.6
23.6
23.6
23.6
23.6
23.6
23.6
23.6
23.6
23.6
23.6
23.6
2000
390
108
500
1000
6000
992.25
1500
1000
500
6000
640.92
7067
8450.77
727.86
263.43
106689
116.09
50.24
1500
500
5000
6000
6000
1000
3000
26000
117.67
10000
2000
310.45
500
3000
830
1000
1200
600
8000
10000
5000
5000
5000
1080
2544.94
7920
5000
200
3209.5
550
1106.52
11852.21
10000
115.73
6593
8089.22
650
463.11
9200
1600
700
500
9600
500
408
300
12510
111.96
2000
4000
495
60000
20000
997.58
5500
500
100
6000
5000
20000
107.3
700
2555
9
1000
6000
1000
450
790
524.68
20000
850
33250
1000
700
5000
5000
54668
1500
15000
30000
8226.4
160
3000
3000
1800
10000
2792.26
690
6000
10000
500
1502.59
545.39
13251.56
5000
20000
700
3000
1017.85
50
500
12777.8
10000
600
15000
358
17529.43
15000
500
973.32
145.5
46.17
10000
900
10000
4202.42
188.5
1900
5000
20000
13.4
890
3500
900
81
500
500
1000
1500
2372.03
3000
1500
1868
65000
11928.78
11212.8
10232
3000
5000
500
1000
5000
5500
14525.3
5000
10000
23.6
23.6
23.6
23.6
23.6
23.6
23.6
23.6
23.6
23.6
23.6
23.6
23.6
23.6
23.6
23.6
3000
7193.04
5000
1040
500
5000
5000
8554.9
10000
1000
3000
850
300
790
1020
20000
5000
5007.86
3253.74
4501.67
2200
1340
6000
2100
1500
3000
550
600
1240
500
13889.63
117.43
59590.07
400
5000
5000
2780.37
1600
5000
15914
10000
668.13
16514.36
8850
1000
20000
5800
750
2232.68
3500
3700
1000
5000
500
4250
4000
2770
1950
1500
5000
191.5
1000
620.58
49.82
2287.2
2500
56000
7088.2
147.8
5813.78
1000
118
1500
600
1000
2000
3000
3103.65
5000
10000
7636.84
10000
600
119.49
3000
5000
1000
1000
20000
2500
5087
10000
7825
30000
1870
314.96
3290
9650
1341.75
2000
500
5000
2920
48057.85
7000
1500
15000
42970.78
12108.14
5000
113.11
29847.66
2024.26
1000
4010.75
170
900
7000
50000
2000
4000
1227.45
10000
3000
590
5500
250
2500
20000
137.73
36028.16
22200
1000
351.01
5000
2500
5548
2000
3295.61
10000
300
600
1000
3000
2000
11118.7
5000
1491
14459.51
2165.86
6040
3500
20000
1095
287.5
6560.91
23.6
23.6
23.6
23.6
23.6
23.6
23.6
23.6
23.6
23.6
23.6
23.6
23.6
23.6
23.6
23.6
23.6
23.6
23.6
23.6
23.6
23.6
217.07
1000
15000
5000
2000
750
143523.8
99000
3119.82
1000
5000
5000
500
200
1900
2800
50
6990
10000
333.8
50
900
3000
2700
700
1766.93
167.54
3000
30000
3300
14365.35
400
1500
630.5
47.71
560
26646.12
3484.09
14512.36
3000
47.73
182.17
136.87
5582.41
350.4
2000
200
400
10000
30000
30000
3000
537792.96
15000
5000
15080.68
2300
500
295.48
4054.4
1000
3000
911.64
500
20000
2000
300381
2950
700
2000
65.7
10017.57
1206.25
116.65
106.43
750
3000
200
2000
126
2000
800
29770.51
1600
5000
10000
1000
800
119.01
5435.69
1000
44193.02
2000
1500
300
7333.64
200
300
1518.5
279.8
200000
1981.41
309
20000
3000
3500
6600
425
10000
1250
22220
575
3000
20000
12000
3076
500
3700.42
5000
2000
161.06
2048
23.6
23.6
24
23.6
23.6
23.6
23.6
23.6
23.6
23.6
23.6
23.6
23.6
24
23.6
23.6
23.6
23.6
23.6
23.6
27000
1500
5000
5000
95953.29
13079.29
109.09
1700
20914.91
134
2000
30000
5000
5000
5000
5000
9000
30000
1000
240
57.4
20000
2000
2000
10000
50
1025
600
3500
1000
5960
5000
6040
48.39
2761.4
2000
398.28
8000
100
500
2500
28323.78
2000
353.9
6520.73
3000
1000
2106.79
1500
500
2000
20000
5000
346.2
450
4000
20000
11960
50000
4436.53
393.99
3000
3000
4950
500
124.97
3000
1000
5000
11000
2500
700
5000
176.4
2500
57.5
1800
40
10000
500
1300
1964.5
2500
978.1
2000
13500
10000
20000
565.2
5654.34
1650
45.29
89.53
10000
472.5
6000
2000
52.79
14000
650
420
5045
7074.87
23.6
23.6
23.6
23.6
23.6
23.6
24
23.6
23.6
30
23.6
23.6
23.6
23.6
23.6
23.6
23.6
23.6
3000
500
10534.87
48.33
291.99
2000
500
3000
50000
1000
4000
13100.8
500
318.98
1960.47
5000
240
3000
160.09
393.79
7000
300
313.26
1800.6
2000
12000
500
1000
790
7550
9355.57
3800
1500
6036.46
671.84
23.6
20000
2390.55
1200
1100
5000
8000
10946.73
27506.44
240
2555.36
10000
600
1000
5476.5
176
3000
4000
23445.7
1000
750
312
6818
240
5000
8000
64.2
4000
30000
5000
1700
300
94
3314.75
7000
590
20000
5000
1300
4020
5000
1500
150
2000
335.25
3000
8556.73
7000
166.5
4000
1000
10000
7000
50000
50000
360.18
1000
12064.35
500
1000
16005.37
619.94
15000
49.68
2000
600
25000
100000
3000
23.6
23.6
23.6
23.6
23.6
23.6
23.6
23.6
23.6
23.6
23.6
23.6
23.6
23.6
23.6
24
23.6
10000
2000
2175.03
300
4000
5200
60000
281.16
2241.6
1576.1
259.9
6000
768.22
3000
86.65
2500
6000
10000
5000
2000
109615.54
5000
500
4889.84
3000
223.02
1500
2450.74
1500
81.78
1000
18083.87
45.59
3000
300
10000
300
629606
4000
15935.51
45000
26323.48
15925
3881.05
154.76
3000
25000
3000
48.48
207.71
15000
5000
3000
1000
115000
15000
49.08
1000
4000
800
5627.49
2000
10000
500
1850
1000
20000
120
3000
200
1000
370
5500
1542.35
15000
1000
1500
1000
70.8
60410.19
5000
200.3
15000
50
12000
500
79.88
7000
500
11539.17
23.6
23.6
23.6
23.6
23.6
23.6
23.6
23.6
23.6
23.6
23.6
23.6
23.6
23.6
10
226.86
3000
135
58.14
4000
1020
5000
4527.7
800
1000
3000
248.9
2500
400
2600
1000
112.3
15544.22
30000
33318.76
3000
2398.05
149.46
106.3
1200
10000
350
2000
250
324.79
8238.76
3000.53
2500
260.17
5000
5000
5000
2000
1000
1000
15000
22289.51
5000
165
7000
500
5000
10097.58
1357.1
200
15000
9059.55
2077.26
96.7
2500
5000
350
321.5
500
4850
1600
4841.98
97.2
5500
2943.29
5000
1000
6000
500
450
3761.16
5000
3500
10000
5000
11876.86
250
3500
750
200
2860
10000
8548.22
1000
1000
1000
1100
200
15000
50000
500
35000
20000
3000
195.73
450
3700
13000
750
300
241.1
7000
1000
2000
2800
1000
1500
2000
700
14525.31
800
23.6
23.6
23.6
23.6
23.6
23.6
23.6
23.6
23.6
23.6
23.6
23.6
23.6
23.6
23.6
23.6
23.6
23.6
23.6
2000
5516.34
1400
3467.07
2950
400
20000
16000
1600
777
40000
100
5000
3000
450
3000
2623.6
1166.66
1862.46
50000
23180
2000
5000
800
50
1000
189
500
3524.65
62.4
20000
16827.21
5000
1000
1000
10000
407.5
1000
170.5
700
1800
5300.62
11816.33
8259.73
2000
30000
115.89
7060.03
26973.02
1700
400
1000
2020
200
1279.88
2500
3500
122.23
291.5
15600
400
6980.62
2100
1000
6360
1500
7000
4000
552.4
500
500
1600
47.85
4100
198.5
2500
1100
1000
10000
650
300
3017
63.27
4500
1944.15
900.32
2000
5000
117.84
23.6
23.6
23.6
23.6
23.6
23.6
23.6
23.6
23.6
23.6
23.6
23.6
24
23.6
23.6
23.6
23.6
884.03
323.79
218.8
3007.18
10000
480
71.95
343.73
639.9
1000
2000
133500
1000
7000
8000
861.95
1500
2000
3000
5000
12000
2000
54.11
480
2446.5
500
8500
50000
200
135.69
3853.97
3000
300
112.53
100000
1000
1943
1100
10000
500
576.03
4000
9778.2
1800
86.4
1668
150.31
15000
335.85
26791.44
1379.3
5361.82
600
18000
18000
15136.93
273.25
15000
15000
8000
23.6
23.6
23.6
23.6
23.6
23.6
23.6
23.6
23.6
23.6
23.6
23.6
23.6
23.6
23.6
23.6
25
23.6
23.6
23.6
23.6
23.6
3655
5620.81
211.18
300
15000
600.22
1500
10000
1500
85.87
15000
100000
17.68
1000
5000
10000
12000
80000
4149
1600
3482.7
25013.76
30400
3000
10000
1000
325.74
2108.09
135.33
200
552
211.5
11210
24261.12
4663.25
3000
1100
4000
22660
10000
1000
5000
167.63
2500
567.76
700
2500
392.95
16536.29
9547.22
42431.99
2100
3735.25
3000
800
10000
2000
5000
2000
3000
4000
5000
10000
3000
48.63
12862.79
2000
5000
189.08
18612.15
203114
237.05
1000
16290
5000
1225
345.34
670.26
590
6932.09
1278.08
2177.88
2000
3000
1500
3875.22
3000
6300
45.73
2000
1000
3000
3000
1000
1000
2000
4000
98900
85.71
3000
320
15000
50
4500
4504.04
1976.75
170
505
19518.81
10000
310
49
5000
5000
3000
15000
10000
2058
4500
400
1000
10000
1945
220
182.45
3000
512.4
31557.49
10000
1170
25049.51
103.84
2200
10000
4000
4000
500
10301.05
283.5
15560.4
304
25000
15000
1000
3000
60
46.09
5000
250
30000
7000
25000
1200
3000
5301.5
3700
3200
500
5478.37
1000
3000
2865.77
3000
5076.38
575.5
5000
2137.1
23.6
23.6
23.6
23.6
23.6
23.6
23.6
23.6
23.6
23.6
23.6
23.6
23.6
23.6
23.6
23.6
23.6
23.6
23.6
23.6
23.6
50.96
6000
3074.97
350
690
1000
2000
3200
2000
16250
119869.39
2109.46
10000
690
1000
1000
1500
10061.41
700
5226.66
139.6
10000
1798.3
3000
7000
1500
1994.7
2000
500
10597.28
59.1
2000
15000
2000
5000
2000
39597.56
500
850
3811.75
1250
95.53
78.02
2969.35
10000
560
45000
246
2830
2500
250
2000
1400
7000
104.55
30000
1500
30000
2000
1193.06
1500
10616.67
30000
16000
1000
2350
500
20000
300
5000
6627.3
5000
355.86
50000
300
20000
474.14
6601.81
2558.93
600
5000
20000
2500
1050
850
3000
1000
5000
100
1000
200
1000
600
6348.18
800
1000
800
15000
20000
15829.9
3000
2000
6011.24
530.77
5150
77230.23
3458.51
5000
10000
10499.58
2000
8000
3670
1000
600
18678.21
1600
3500
4000
300
770.81
1077.5
5000
2000
100
3000
45.73
1000
174
3000
6590.86
480
1000
3500
50000
20000
10000
5877.53
15000
3000
18000
15000
34000
250
3000
5000
1000
55.86
70.5
1500
4000
5000
300
50000
15611.65
5000
1100
5000
3100
228.56
596.22
7404.19
23.6
23.6
23.6
23.6
23.6
23.6
23.6
23.6
23.6
23.6
23.6
23.6
23.6
23.6
23.6
23.6
23.6
23.6
23.6
23.6
10000
1000
50000
25000
30000
8000
250
1000
3000
1000
3866.4
70239.25
1000
301.6
500
3000
1100
600
220.67
15000
7024.88
192.5
6843.08
67.12
1445.05
1540
72.02
1000
500
2875.47
5000
2000
196707.21
4000
8000
4000
103.17
254.3
432.64
2000
10000
93
241.5
1000
707.6
3000
3000
1340.31
3000
63.19
2000
10000
1000.6
500
250
16614.93
9000
5000
414
2070
1500
3000
450
257.16
22185.43
632.23
3499.99
600
15000
1250
4000
15000
25000
8000
550
1500
50.84
5000
80000
1500
3000
928
500
11619.06
6000
7000
6000
1380
3282.52
280
1000
8392.42
700
13454
6725.35
350
500
8000
10000
500
12575.62
5000
2000
2000
5000
3500
2000
2000
15000
5000
280
35000
107.89
5500
23.6
25
23.6
23.6
23.6
23.6
23.6
23.6
23.6
23.6
23.6
23.6
23.6
23.6
23.6
23.6
23.6
23.6
23.6
23.6
23.6
23.6
23.6
23.6
23.6
23.6
23.6
24950
2000
2000
2500
5000
8000
4742.66
113.35
1919
2000
12000
1890.2
1000
8250
1000
5000
1000
15000
400
425
10000
10000
400
23.6
23.6
1500
165.26
5000
3000
300
7295.86
64936.69
2500
348.3
1500
814.88
20000
350
3000
3000
2000
2000
805.72
1000
14760
2000
24.6
1713.16
3000
10000
5000
290
163.1
700
71.28
7000
1250
600
17003.26
8000
290
217.23
198.95
10704.26
1000
169.22
210971.85
8321.5
15000
25000
1280
1300
50000
342.58
3000
28000
150.28
450
5000
3000
318.48
5904.58
4601.6
9080.02
6597.41
2912.84
2000
801
10000
350
690
387.93
692.11
2000
80
3000
1000
480
91.62
5000
1000
66501.73
300
1100
1500
800
5196.51
1266.13
2000
154.06
6007.69
15188.88
1000
690
10000
1500
309.64
800
2337.5
629606
1000
1000
54000
690
1100
2000
215
1693.6
562600
570
6000
5000
6000
129
5431.08
800
3000
330.98
1100
500
224.56
2324.31
240
2000
5000
20000
14525.3
116.11
23.6
23.6
23.6
23.6
23.6
23.6
23.6
23.6
23.6
23.6
23.6
23.6
24
23.6
23.6
23.6
23.6
23.6
15723.68
5448.6
30000
3000
1930.28
1750
3500
500
371
3187.7
70339.46
5000
1000
300
5000
5000
2534.05
15477.72
20000
5000
2750
121.94
1000
1000
1000
48469.9
14436.29
650
4162
690
1091.61
1140.99
2300
2820
1000
5867.03
1000
5000
3000
500
500
15000
2500
1000
300
50000
480.73
442.15
248
57.1
1302.96
2930.27
590
5000
5000
5000
1500
6138.14
1741.77
20000
3200
3200
2500
47.95
690
20000
4543.65
500
500
92.01
10000
3000
10000
2360
276.6
1320000
4000
5000
771949
1425.71
211.5
45000
2091.93
1500
2561.92
4200.25
84
1536.36
200
15000
5000
343.56
2000
5000
89.31
480
2050
2049.97
80000
3000
5000
1000
20000
4000
8709.2
10000
7000
500
4000
1100
165.15
23.6
23.6
23.6
23.6
23.6
23.6
24
23.6
23.6
23.6
23.6
23.6
23.6
23.6
23.6
23.6
23.6
23.6
23.6
23.6
23.6
490
10000
5000
22000
700
10000
5000
400
300
1553.21
3000
7000
4425.63
7200
2000
103
2000
2400
309.97
10700
1300
2500
1500
3000
2000
4000
1608.5
20000
4975.27
5000
250
5000
300
81.5
240
1000
9200
1
10000
6000
5000
1090
1112737
400
250000
7816.46
3000
153
5000
23.6
23.6
23.6
23.6
23.6
23.6
23.6
23.6
23.6
23.6
23.6
23.6
23.6
23.6
23.6
23.6
23.6
23.6
23.6
23.6
1200
3417.65
450
327.53
2800
5000
1000
10000
467.84
500
366
1000
500
4221.4
100
200
500
86
66281.15
23.6
23.6
23.6
23.6
23.6
23.6
23.6
23.6
23.6
23.6
23.6
24
23.6
23.6
23.6
23.6
23.6
5733.33
7000
3000
43831.61
3000
6000
550
2100
3160
1157.8
750
5000
3500
500
5000
107889
200
241.5
800
662.52
420
499
200000
3500
3000
5000
800
3900
11563.18
478
3000
690
229.16
4000
5000
189.49
4000
130.38
10330.83
4405.55
30000
1000
3000
3366
3437.05
500
406.54
496.31
5000
5000
15000
1780
1800
1440
50000
200
10000
1309
2408
20000
1000
40000
700
2140.25
5000
6880
2730
1000
1000
101.38
119.77
4000
2000
115
3000
2320
3000
2084
2000
300
10000
300
76.88
122.31
8290.53
2787.64
2000
6600
590
700
67787.71
2500
233
10000
135
3000
3604
6000
300
25460.35
70000
4001.4
23.6
23.6
23.87
23.6
23.6
26
23.6
23.6
23.6
23.6
23.6
23.6
23.6
23.6
23.6
23.6
23.6
23.6
23.6
23.6
23.6
3116.87
750
590
2200
2570.6
65000
550
5000
5000
4140
3000
600
4000
20000
5000
15000
6000
200
3000
300
115.18
1500
1000
2455
550
20000
5870
59
800
900
300
1800
4000
2000
151.5
346.35
2000
1000
40000
500
8364.11
5000
123273.87
750
58.35
15000
2000
750
445.73
59.97
5000
5668
490
100
10000
1000
6000
8048.73
664.6
182.28
2000
3000
6113.6
200
20000
475.13
15000
1600
500
5000
8500
5488.89
50.3
2800
5000
2000
5000
17788.91
3900
1500
1000
3000
9000
3000
15000
3000
3100
5600
156
1000
105077
6000
4400
55825.61
4654.14
500
10117.44
196.25
1000
1000
1000
1000
1767.21
71.3
4000
220
23.6
23.6
23.6
23.6
23.6
23.6
23.6
23.6
23.6
23.6
23.6
24
23.6
23.6
23.6
23.6
23.6
23.6
23.6
23.6
23.6
23.6
23.6
23.6
23.6
23.6
20000
3625
193
10000
8000
370
10000
1951
3300
6500
1110
357.3
10000
3000
5000
5000
1000
12000
2214.3
14713.99
1300
1100
1902.6
60
4523.19
7000
1000
384035.46
160
18651.19
1614.79
99275.8
20000
300
10794.51
1000
3500
1000
3000
900
10000
1500
2945
2360
540
1000
350
3000
5666.95
27390.95
3000
1000
96.96
300
31159.3
2000
4717
141.43
5000
5000
7000
2000
2000
3163
9161.55
193.92
3000
1000
15000
1500
1500
30901.93
2076
5000
10000
335.5
6490
360
350
5000
396.52
150
2000
962.04
1000
5000
500
20000
0.43
13000
5000
32000
6821
8000
200
1638.45
1000
23.6
23.6
23.6
23.6
24
23.6
23.6
23.6
23.6
23.6
23.6
23.6
23.6
23.6
23.6
23.6
23.6
650
1000
1300
7138.13
6000
300
486.15
4000
2600
2500
9000
286.25
10000
4000
13394.25
400
97.72
10000
15000
15096.67
12295.33
1000
5000
383.58
30000
2000
75
15000
1000
480.77
5000
1800
20000
1893.6
70
250
41623.74
500
3000
2700
200
3156.6
3000
3000
646.1
1000
4300
3100
2000
292.66
10000
1500
1000
148.89
20000
365.44
1000
700
6000
1000
2500
827.25
580
3000
700
250
99.8
2500
3000
1550
8688
1500
115
2569
240.46
1390
2500
6000
84.8
341.5
1500
237.1
275.6
750
157
560
25914.19
1500
2000
107.88
2500
1000
3346.14
23.6
23.6
23.6
23.6
23.6
23.6
23.6
387.8
23.6
23.6
23.6
23.6
23.6
23.6
23.6
23.6
23.6
23.6
23.6
5000
490
135
3000
2000
3000
20000
1854.39
2000
4000
1800
200
5000
2000
4000
2000
737.15
300
8000
151.67
10000
7000
5000
5500
450
1253.45
3200
700
3300
406.45
7000
10000
11376
48.99
5000
17000
350
3000
229.05
1755
3159.14
1934.4
1000
800
5000
8034.86
6000
24000
500
972.21
284.67
1000
850
669.1
500
3.21
2832.44
2500
1747.85
948.75
1000
53.17
5000
8000
900
168.68
4665.84
1000
2000
817.5
101.66
6000
3000
100
4000
340.5
140
500
3000
3000
8000
10000
23.6
23.6
23.6
23.6
23.6
24
23.6
23.6
23.6
24
23.6
23.6
23.6
23.6
5000
700
4000
950
1800
6000
6000
25918.7
12000
36000
2500
449.12
4205.61
8170.4
10000
12407.41
630
737.82
300
2000
4172
237.34
970
1000
1000
99604.81
295.35
6000
20000
20000
10000
10000
7500
162
4000
150
2000
500
5000
4000
856.96
323.87
249.24
1500
10000
30.94
10000
5000
1250
3000
10000
500
1500
2000
10000
5000
4000
990
15000
400
500
2000
58350
2000
15915.08
102.67
1850
3000
1000
71.66
2405.62
1160
800
15000
115.48
3500
1500
1000
209395.35
505
6530.72
2500
500
2000
1500
590
2000
2000
2000
3576.32
10000
900
30000
10000
1800
300
15000
15000
15000
10000
2000
2000
250
1100
9500
1110464
491.76
4500
2000
6000
4000
5932.6
300
12814.72
800
3000
5000
5000
14851.68
5130
3138.96
1049.2
23.6
23.6
23.6
23.6
23.6
23.6
23.6
23.6
23.6
23.6
23.6
23.6
23.6
23.6
23.6
23.6
25
3500
300
48.37
14160
3000
3000
1500
5000
230.3
2500
5249.1
5432.14
2135.58
300
1000
1000
23.6
23.6
23.6
23.6
23.6
23.6
23.6
23.6
23.6
23.6
23.6
23.6
23.6
23.6
94.4
23.6
26.6
23.6
23.6
23.6
23.6
23.6
20000
500
1000
10000
2171.7
15000
5000
21.43
40701.02
300
1500
1333.3
7487.41
1314.09
115368
590
200
11000
25632.7
23842.19
250
250
3000
1471.03
123.25
2000
2150
10000
4600.4
3000
36800
34847.87
1700
22508.09
10720.36
3400
20000
397.55
200
398.2
10000
30000
500
3842.91
1000
3000
62.3
5000
494
10000
7500
10000
5816.69
500
7000
10000
5300
3000
1100
10000
212.31
568.71
600
800
800
10000
5000
3000
7000
20000
800
80000
4000
22000
1000
240
10000
7000
2000
1107
5647.4
20800
1165
1000
2622.22
14525.31
23.6
23.6
23.6
23.6
23.6
23.6
23.6
23.6
23.6
23.6
23.6
23.6
23.6
23.6
23.6
23.6
23.6
23.6
23.6
375
48.29
450
40000
1000
137000
20000
2000
152917
6700
1000
2000
1000
22833.5
7000
4000
5000
1000
2000
74
30000
70
179.17
2000
166.05
5000
15000
900
64.2
500
500
1680
3179.48
10000
3000
2000
1000
1331.64
500
5000
5000
8000
25000
5000
2500
350
600
4319
1862.2
197.74
2000
30000
29246.85
6000
5000
1000
807.25
10000
558.44
250
10000
1500
20665.4
17300
1305.78
10000
1600
3000
2000
2730
2000
199
15000
11926
3000
10000
2700
500
10000
6389.7
33509.8
334.5
3000
1500
1000
88493.7
722
550
7137.7
1800
53.68
2350
2000
200
2600
600
800
786.58
2379.85
500
6000
500
1798.76
1750
1000
135
117.45
23.6
23.6
23.6
23.6
23.6
23.6
23.6
23.6
24
23.6
23.6
23.6
24
23.6
23.6
23.6
23.6
23.6
23.6
23.6
107
480
5000
111.51
450
5000
8000
18393.3
7000
300
1000
750
20000
10000
1500
192.25
300
613.36
1000
800
550
13168.3
1198.61
5000
690
14566.18
5000
22547.2
13047.75
3000
296.42
5065.55
3921.5
737.2
5000
63151.2
52.2
40000
650